1.4000000e+003	3.3202500e+005
1.3990000e+003	3.3021000e+005
1.3980000e+003	3.2636300e+005
1.3970000e+003	3.2255800e+005
1.3960000e+003	3.1769000e+005
1.3950000e+003	3.0933000e+005
1.3940000e+003	3.0216300e+005
1.3930000e+003	2.8865800e+005
1.3920000e+003	2.7702800e+005
1.3910000e+003	2.7031800e+005
1.3900000e+003	2.5930000e+005
1.3890000e+003	2.5109000e+005
1.3880000e+003	2.4499000e+005
1.3870000e+003	2.4018800e+005
1.3860000e+003	2.3670000e+005
1.3850000e+003	2.3411800e+005
1.3840000e+003	2.3012800e+005
1.3830000e+003	2.2786300e+005
1.3820000e+003	2.2497000e+005
1.3810000e+003	2.2323300e+005
1.3800000e+003	2.1872000e+005
1.3790000e+003	2.1553800e+005
1.3780000e+003	2.1172300e+005
1.3770000e+003	2.0949500e+005
1.3760000e+003	2.0381800e+005
1.3750000e+003	2.0067300e+005
1.3740000e+003	1.9524500e+005
1.3730000e+003	1.9358500e+005
1.3720000e+003	1.8689300e+005
1.3710000e+003	1.8323000e+005
1.3700000e+003	1.7945500e+005
1.3690000e+003	1.7715500e+005
1.3680000e+003	1.7335500e+005
1.3670000e+003	1.7077000e+005
1.3660000e+003	1.6727000e+005
1.3650000e+003	1.6469000e+005
1.3640000e+003	1.6340500e+005
1.3630000e+003	1.6033300e+005
1.3620000e+003	1.5867000e+005
1.3610000e+003	1.5578300e+005
1.3600000e+003	1.5318300e+005
1.3590000e+003	1.5181500e+005
1.3580000e+003	1.5065800e+005
1.3570000e+003	1.4947000e+005
1.3560000e+003	1.4761300e+005
1.3550000e+003	1.4610800e+005
1.3540000e+003	1.4635500e+005
1.3530000e+003	1.4401300e+005
1.3520000e+003	1.4398800e+005
1.3510000e+003	1.4238000e+005
1.3500000e+003	1.4122300e+005
1.3490000e+003	1.4087000e+005
1.3480000e+003	1.4070500e+005
1.3470000e+003	1.3957000e+005
1.3460000e+003	1.3915000e+005
1.3450000e+003	1.3839500e+005
1.3440000e+003	1.3812300e+005
1.3430000e+003	1.3722300e+005
1.3420000e+003	1.3642300e+005
1.3410000e+003	1.3681000e+005
1.3400000e+003	1.3594300e+005
1.3390000e+003	1.3494000e+005
1.3380000e+003	1.3406000e+005
1.3370000e+003	1.3410500e+005
1.3360000e+003	1.3421000e+005
1.3350000e+003	1.3334500e+005
1.3340000e+003	1.3318800e+005
1.3330000e+003	1.3345500e+005
1.3320000e+003	1.3314300e+005
1.3310000e+003	1.3354500e+005
1.3300000e+003	1.3248800e+005
1.3290000e+003	1.3351500e+005
1.3280000e+003	1.3368300e+005
1.3270000e+003	1.3273500e+005
1.3260000e+003	1.3307300e+005
1.3250000e+003	1.3351500e+005
1.3240000e+003	1.3435500e+005
1.3230000e+003	1.3457300e+005
1.3220000e+003	1.3646500e+005
1.3210000e+003	1.3745800e+005
1.3200000e+003	1.3721800e+005
1.3190000e+003	1.3732800e+005
1.3180000e+003	1.3877500e+005
1.3170000e+003	1.3966800e+005
1.3160000e+003	1.3896000e+005
1.3150000e+003	1.4005000e+005
1.3140000e+003	1.3974300e+005
1.3130000e+003	1.4057300e+005
1.3120000e+003	1.4081800e+005
1.3110000e+003	1.4207300e+005
1.3100000e+003	1.4245000e+005
1.3090000e+003	1.4314300e+005
1.3080000e+003	1.4483000e+005
1.3070000e+003	1.4758800e+005
1.3060000e+003	1.4797300e+005
1.3050000e+003	1.4955800e+005
1.3040000e+003	1.4902000e+005
1.3030000e+003	1.5039000e+005
1.3020000e+003	1.5044800e+005
1.3010000e+003	1.4932300e+005
1.3000000e+003	1.4921000e+005
1.2990000e+003	1.4728000e+005
1.2980000e+003	1.4672000e+005
1.2970000e+003	1.4509800e+005
1.2960000e+003	1.4389800e+005
1.2950000e+003	1.4290000e+005
1.2940000e+003	1.4316500e+005
1.2930000e+003	1.4158500e+005
1.2920000e+003	1.3992800e+005
1.2910000e+003	1.4036500e+005
1.2900000e+003	1.4125800e+005
1.2890000e+003	1.3981500e+005
1.2880000e+003	1.3941800e+005
1.2870000e+003	1.3920500e+005
1.2860000e+003	1.3952000e+005
1.2850000e+003	1.3928000e+005
1.2840000e+003	1.3914500e+005
1.2830000e+003	1.3956500e+005
1.2820000e+003	1.3971500e+005
1.2810000e+003	1.3943300e+005
1.2800000e+003	1.3902500e+005
1.2790000e+003	1.4007500e+005
1.2780000e+003	1.3888500e+005
1.2770000e+003	1.3955500e+005
1.2760000e+003	1.3956300e+005
1.2750000e+003	1.3892000e+005
1.2740000e+003	1.3906300e+005
1.2730000e+003	1.4028300e+005
1.2720000e+003	1.4053000e+005
1.2710000e+003	1.4060800e+005
1.2700000e+003	1.4096500e+005
1.2690000e+003	1.4147800e+005
1.2680000e+003	1.4075000e+005
1.2670000e+003	1.4014300e+005
1.2660000e+003	1.4147300e+005
1.2650000e+003	1.4221300e+005
1.2640000e+003	1.4232000e+005
1.2630000e+003	1.4180000e+005
1.2620000e+003	1.4339300e+005
1.2610000e+003	1.4187300e+005
1.2600000e+003	1.4334000e+005
1.2590000e+003	1.4392000e+005
1.2580000e+003	1.4386500e+005
1.2570000e+003	1.4331300e+005
1.2560000e+003	1.4471500e+005
1.2550000e+003	1.4500800e+005
1.2540000e+003	1.4458000e+005
1.2530000e+003	1.4531000e+005
1.2520000e+003	1.4553000e+005
1.2510000e+003	1.4691500e+005
1.2500000e+003	1.4594500e+005
1.2490000e+003	1.4678500e+005
1.2480000e+003	1.4664000e+005
1.2470000e+003	1.4655800e+005
1.2460000e+003	1.4794300e+005
1.2450000e+003	1.4845800e+005
1.2440000e+003	1.4834000e+005
1.2430000e+003	1.4903500e+005
1.2420000e+003	1.4966000e+005
1.2410000e+003	1.5040500e+005
1.2400000e+003	1.4977300e+005
1.2390000e+003	1.5172300e+005
1.2380000e+003	1.5123300e+005
1.2370000e+003	1.5205300e+005
1.2360000e+003	1.5148000e+005
1.2350000e+003	1.5253500e+005
1.2340000e+003	1.5265000e+005
1.2330000e+003	1.5342800e+005
1.2320000e+003	1.5317500e+005
1.2310000e+003	1.5492000e+005
1.2300000e+003	1.5458300e+005
1.2290000e+003	1.5541500e+005
1.2280000e+003	1.5510500e+005
1.2270000e+003	1.5681300e+005
1.2260000e+003	1.5801500e+005
1.2250000e+003	1.5718300e+005
1.2240000e+003	1.5652300e+005
1.2230000e+003	1.5733300e+005
1.2220000e+003	1.5708000e+005
1.2210000e+003	1.5727500e+005
1.2200000e+003	1.5797800e+005
1.2190000e+003	1.5805300e+005
1.2180000e+003	1.5839300e+005
1.2170000e+003	1.5802000e+005
1.2160000e+003	1.5706500e+005
1.2150000e+003	1.5818300e+005
1.2140000e+003	1.5811800e+005
1.2130000e+003	1.5776000e+005
1.2120000e+003	1.5768800e+005
1.2110000e+003	1.5803800e+005
1.2100000e+003	1.5741500e+005
1.2090000e+003	1.5719000e+005
1.2080000e+003	1.5801800e+005
1.2070000e+003	1.5817800e+005
1.2060000e+003	1.5830800e+005
1.2050000e+003	1.5905300e+005
1.2040000e+003	1.5856500e+005
1.2030000e+003	1.5905300e+005
1.2020000e+003	1.5954500e+005
1.2010000e+003	1.6034500e+005
1.2000000e+003	1.6031500e+005
1.1990000e+003	1.6102300e+005
1.1980000e+003	1.6145000e+005
1.1970000e+003	1.6157300e+005
1.1960000e+003	1.6210500e+005
1.1950000e+003	1.6191300e+005
1.1940000e+003	1.6287500e+005
1.1930000e+003	1.6250300e+005
1.1920000e+003	1.6433300e+005
1.1910000e+003	1.6481800e+005
1.1900000e+003	1.6450000e+005
1.1890000e+003	1.6414800e+005
1.1880000e+003	1.6405800e+005
1.1870000e+003	1.6459000e+005
1.1860000e+003	1.6515000e+005
1.1850000e+003	1.6402300e+005
1.1840000e+003	1.6604500e+005
1.1830000e+003	1.6561300e+005
1.1820000e+003	1.6593500e+005
1.1810000e+003	1.6660500e+005
1.1800000e+003	1.6606500e+005
1.1790000e+003	1.6695300e+005
1.1780000e+003	1.6811300e+005
1.1770000e+003	1.6899500e+005
1.1760000e+003	1.6763300e+005
1.1750000e+003	1.6881800e+005
1.1740000e+003	1.6843500e+005
1.1730000e+003	1.6848800e+005
1.1720000e+003	1.6854500e+005
1.1710000e+003	1.6877800e+005
1.1700000e+003	1.6866800e+005
1.1690000e+003	1.6871500e+005
1.1680000e+003	1.6878500e+005
1.1670000e+003	1.6966000e+005
1.1660000e+003	1.7003000e+005
1.1650000e+003	1.6975000e+005
1.1640000e+003	1.7058000e+005
1.1630000e+003	1.6875800e+005
1.1620000e+003	1.6962800e+005
1.1610000e+003	1.7109500e+005
1.1600000e+003	1.7075300e+005
1.1590000e+003	1.7093000e+005
1.1580000e+003	1.7165000e+005
1.1570000e+003	1.7286000e+005
1.1560000e+003	1.7264500e+005
1.1550000e+003	1.7477000e+005
1.1540000e+003	1.7603000e+005
1.1530000e+003	1.7779300e+005
1.1520000e+003	1.7963800e+005
1.1510000e+003	1.7933000e+005
1.1500000e+003	1.8077000e+005
1.1490000e+003	1.8025000e+005
1.1480000e+003	1.8000500e+005
1.1470000e+003	1.7939800e+005
1.1460000e+003	1.7842800e+005
1.1450000e+003	1.7574000e+005
1.1440000e+003	1.7414500e+005
1.1430000e+003	1.7295300e+005
1.1420000e+003	1.7277800e+005
1.1410000e+003	1.7117500e+005
1.1400000e+003	1.7108300e+005
1.1390000e+003	1.7037300e+005
1.1380000e+003	1.7090500e+005
1.1370000e+003	1.7015500e+005
1.1360000e+003	1.7110800e+005
1.1350000e+003	1.7192800e+005
1.1340000e+003	1.7070300e+005
1.1330000e+003	1.7097500e+005
1.1320000e+003	1.7204000e+005
1.1310000e+003	1.7155300e+005
1.1300000e+003	1.7086800e+005
1.1290000e+003	1.7178300e+005
1.1280000e+003	1.7315800e+005
1.1270000e+003	1.7278500e+005
1.1260000e+003	1.7393300e+005
1.1250000e+003	1.7424500e+005
1.1240000e+003	1.7557800e+005
1.1230000e+003	1.7594000e+005
1.1220000e+003	1.7641500e+005
1.1210000e+003	1.7832800e+005
1.1200000e+003	1.7767800e+005
1.1190000e+003	1.7760500e+005
1.1180000e+003	1.7704800e+005
1.1170000e+003	1.7683000e+005
1.1160000e+003	1.7645800e+005
1.1150000e+003	1.7636000e+005
1.1140000e+003	1.7718500e+005
1.1130000e+003	1.7739300e+005
1.1120000e+003	1.7707000e+005
1.1110000e+003	1.7619800e+005
1.1100000e+003	1.7685300e+005
1.1090000e+003	1.7767800e+005
1.1080000e+003	1.7920500e+005
1.1070000e+003	1.7731800e+005
1.1060000e+003	1.7762500e+005
1.1050000e+003	1.7806000e+005
1.1040000e+003	1.7910000e+005
1.1030000e+003	1.7894800e+005
1.1020000e+003	1.7867300e+005
1.1010000e+003	1.7940800e+005
1.1000000e+003	1.8026800e+005
1.0990000e+003	1.8051000e+005
1.0980000e+003	1.8049300e+005
1.0970000e+003	1.8065500e+005
1.0960000e+003	1.8067300e+005
1.0950000e+003	1.8160300e+005
1.0940000e+003	1.8322000e+005
1.0930000e+003	1.8328500e+005
1.0920000e+003	1.8316800e+005
1.0910000e+003	1.8386500e+005
1.0900000e+003	1.8464800e+005
1.0890000e+003	1.8453000e+005
1.0880000e+003	1.8522800e+005
1.0870000e+003	1.8588300e+005
1.0860000e+003	1.8630500e+005
1.0850000e+003	1.8600000e+005
1.0840000e+003	1.8676300e+005
1.0830000e+003	1.8707500e+005
1.0820000e+003	1.8672800e+005
1.0810000e+003	1.8751800e+005
1.0800000e+003	1.8715300e+005
1.0790000e+003	1.8695000e+005
1.0780000e+003	1.8850800e+005
1.0770000e+003	1.8918500e+005
1.0760000e+003	1.8853300e+005
1.0750000e+003	1.8915800e+005
1.0740000e+003	1.9012000e+005
1.0730000e+003	1.9142000e+005
1.0720000e+003	1.9047000e+005
1.0710000e+003	1.9210300e+005
1.0700000e+003	1.9313500e+005
1.0690000e+003	1.9307800e+005
1.0680000e+003	1.9446800e+005
1.0670000e+003	1.9456000e+005
1.0660000e+003	1.9429000e+005
1.0650000e+003	1.9401300e+005
1.0640000e+003	1.9416500e+005
1.0630000e+003	1.9522800e+005
1.0620000e+003	1.9571300e+005
1.0610000e+003	1.9691000e+005
1.0600000e+003	1.9782000e+005
1.0590000e+003	1.9680500e+005
1.0580000e+003	1.9664300e+005
1.0570000e+003	1.9741800e+005
1.0560000e+003	1.9802300e+005
1.0550000e+003	1.9968000e+005
1.0540000e+003	2.0032000e+005
1.0530000e+003	2.0018800e+005
1.0520000e+003	2.0059800e+005
1.0510000e+003	2.0080300e+005
1.0500000e+003	2.0195800e+005
1.0490000e+003	2.0396500e+005
1.0480000e+003	2.0445500e+005
1.0470000e+003	2.0494000e+005
1.0460000e+003	2.0545800e+005
1.0450000e+003	2.0501500e+005
1.0440000e+003	2.0501300e+005
1.0430000e+003	2.0489300e+005
1.0420000e+003	2.0621000e+005
1.0410000e+003	2.0647000e+005
1.0400000e+003	2.0634800e+005
1.0390000e+003	2.0599500e+005
1.0380000e+003	2.0738000e+005
1.0370000e+003	2.0801000e+005
1.0360000e+003	2.0849500e+005
1.0350000e+003	2.0765000e+005
1.0340000e+003	2.0871000e+005
1.0330000e+003	2.0852000e+005
1.0320000e+003	2.0852800e+005
1.0310000e+003	2.0993000e+005
1.0300000e+003	2.1046300e+005
1.0290000e+003	2.1031000e+005
1.0280000e+003	2.1050300e+005
1.0270000e+003	2.1016800e+005
1.0260000e+003	2.1204300e+005
1.0250000e+003	2.1166500e+005
1.0240000e+003	2.1359300e+005
1.0230000e+003	2.1507300e+005
1.0220000e+003	2.1497000e+005
1.0210000e+003	2.1582000e+005
1.0200000e+003	2.1540800e+005
1.0190000e+003	2.1521500e+005
1.0180000e+003	2.1415300e+005
1.0170000e+003	2.1420300e+005
1.0160000e+003	2.1512000e+005
1.0150000e+003	2.1451000e+005
1.0140000e+003	2.1363500e+005
1.0130000e+003	2.1291000e+005
1.0120000e+003	2.1083300e+005
1.0110000e+003	2.1068500e+005
1.0100000e+003	2.1218500e+005
1.0090000e+003	2.1599000e+005
1.0080000e+003	2.2305800e+005
1.0070000e+003	2.2926500e+005
1.0060000e+003	2.3683500e+005
1.0050000e+003	2.4496800e+005
1.0040000e+003	2.5956300e+005
1.0030000e+003	2.7544300e+005
1.0020000e+003	2.7740500e+005
1.0010000e+003	2.6671300e+005
1.0000000e+003	2.4989300e+005
9.9900000e+002	2.3758800e+005
9.9800000e+002	2.2860800e+005
9.9700000e+002	2.1773300e+005
9.9600000e+002	2.0607000e+005
9.9500000e+002	1.9742000e+005
9.9400000e+002	1.9216300e+005
9.9300000e+002	1.9158300e+005
9.9200000e+002	1.8854800e+005
9.9100000e+002	1.8653000e+005
9.9000000e+002	1.8329000e+005
9.8900000e+002	1.7836500e+005
9.8800000e+002	1.7441300e+005
9.8700000e+002	1.7325800e+005
9.8600000e+002	1.7543300e+005
9.8500000e+002	1.8060500e+005
9.8400000e+002	1.9070000e+005
9.8300000e+002	2.0653000e+005
9.8200000e+002	2.3548300e+005
9.8100000e+002	2.7907300e+005
9.8000000e+002	3.0892000e+005
9.7900000e+002	2.9965800e+005
9.7800000e+002	2.7056800e+005
9.7700000e+002	2.4641300e+005
9.7600000e+002	2.3253500e+005
9.7500000e+002	2.1879800e+005
9.7400000e+002	1.9910000e+005
9.7300000e+002	1.8196500e+005
9.7200000e+002	1.7180000e+005
9.7100000e+002	1.6332800e+005
9.7000000e+002	1.4903500e+005
9.6900000e+002	1.3906000e+005
9.6800000e+002	1.3288000e+005
9.6700000e+002	1.2972800e+005
9.6600000e+002	1.2969500e+005
9.6500000e+002	1.2831800e+005
9.6400000e+002	1.2686500e+005
9.6300000e+002	1.2586000e+005
9.6200000e+002	1.2440500e+005
9.6100000e+002	1.2419300e+005
9.6000000e+002	1.2435300e+005
9.5900000e+002	1.2298300e+005
9.5800000e+002	1.2478800e+005
9.5700000e+002	1.2454000e+005
9.5600000e+002	1.2446800e+005
9.5500000e+002	1.2476300e+005
9.5400000e+002	1.2540500e+005
9.5300000e+002	1.2526000e+005
9.5200000e+002	1.2440800e+005
9.5100000e+002	1.2451500e+005
9.5000000e+002	1.2398500e+005
9.4900000e+002	1.2435300e+005
9.4800000e+002	1.2477800e+005
9.4700000e+002	1.2440500e+005
9.4600000e+002	1.2440500e+005
9.4500000e+002	1.2485300e+005
9.4400000e+002	1.2387300e+005
9.4300000e+002	1.2438800e+005
9.4200000e+002	1.2442300e+005
9.4100000e+002	1.2290300e+005
9.4000000e+002	1.2301300e+005
9.3900000e+002	1.2268000e+005
9.3800000e+002	1.2285500e+005
9.3700000e+002	1.2286300e+005
9.3600000e+002	1.2257800e+005
9.3500000e+002	1.2180500e+005
9.3400000e+002	1.2297500e+005
9.3300000e+002	1.2235000e+005
9.3200000e+002	1.2170800e+005
9.3100000e+002	1.2205000e+005
9.3000000e+002	1.2205500e+005
9.2900000e+002	1.2219000e+005
9.2800000e+002	1.2243000e+005
9.2700000e+002	1.2215800e+005
9.2600000e+002	1.2229800e+005
9.2500000e+002	1.2305000e+005
9.2400000e+002	1.2357500e+005
9.2300000e+002	1.2317800e+005
9.2200000e+002	1.2255300e+005
9.2100000e+002	1.2222000e+005
9.2000000e+002	1.2278000e+005
9.1900000e+002	1.2271500e+005
9.1800000e+002	1.2326500e+005
9.1700000e+002	1.2373300e+005
9.1600000e+002	1.2298800e+005
9.1500000e+002	1.2242000e+005
9.1400000e+002	1.2284500e+005
9.1300000e+002	1.2305300e+005
9.1200000e+002	1.2359500e+005
9.1100000e+002	1.2381000e+005
9.1000000e+002	1.2344000e+005
9.0900000e+002	1.2337500e+005
9.0800000e+002	1.2381500e+005
9.0700000e+002	1.2409800e+005
9.0600000e+002	1.2399500e+005
9.0500000e+002	1.2392000e+005
9.0400000e+002	1.2482800e+005
9.0300000e+002	1.2471300e+005
9.0200000e+002	1.2506000e+005
9.0100000e+002	1.2438800e+005
9.0000000e+002	1.2440000e+005
8.9900000e+002	1.2416500e+005
8.9800000e+002	1.2467300e+005
8.9700000e+002	1.2477300e+005
8.9600000e+002	1.2499500e+005
8.9500000e+002	1.2517500e+005
8.9400000e+002	1.2513800e+005
8.9300000e+002	1.2511800e+005
8.9200000e+002	1.2504000e+005
8.9100000e+002	1.2528300e+005
8.9000000e+002	1.2532800e+005
8.8900000e+002	1.2488800e+005
8.8800000e+002	1.2538800e+005
8.8700000e+002	1.2495500e+005
8.8600000e+002	1.2539500e+005
8.8500000e+002	1.2512300e+005
8.8400000e+002	1.2526000e+005
8.8300000e+002	1.2472300e+005
8.8200000e+002	1.2507000e+005
8.8100000e+002	1.2530000e+005
8.8000000e+002	1.2525300e+005
8.7900000e+002	1.2452500e+005
8.7800000e+002	1.2399300e+005
8.7700000e+002	1.2466800e+005
8.7600000e+002	1.2428300e+005
8.7500000e+002	1.2420000e+005
8.7400000e+002	1.2505500e+005
8.7300000e+002	1.2472000e+005
8.7200000e+002	1.2515500e+005
8.7100000e+002	1.2468300e+005
8.7000000e+002	1.2369000e+005
8.6900000e+002	1.2371300e+005
8.6800000e+002	1.2343500e+005
8.6700000e+002	1.2415000e+005
8.6600000e+002	1.2359000e+005
8.6500000e+002	1.2199800e+005
8.6400000e+002	1.2377000e+005
8.6300000e+002	1.2371500e+005
8.6200000e+002	1.2328300e+005
8.6100000e+002	1.2243000e+005
8.6000000e+002	1.2201800e+005
8.5900000e+002	1.2244500e+005
8.5800000e+002	1.2208300e+005
8.5700000e+002	1.2223300e+005
8.5600000e+002	1.2171800e+005
8.5500000e+002	1.2212000e+005
8.5400000e+002	1.2073800e+005
8.5300000e+002	1.2039800e+005
8.5200000e+002	1.1959300e+005
8.5100000e+002	1.1855500e+005
8.5000000e+002	1.1720500e+005
8.4900000e+002	1.1708000e+005
8.4800000e+002	1.1638300e+005
8.4700000e+002	1.1536000e+005
8.4600000e+002	1.1529300e+005
8.4500000e+002	1.1506800e+005
8.4400000e+002	1.1511500e+005
8.4300000e+002	1.1439500e+005
8.4200000e+002	1.1421300e+005
8.4100000e+002	1.1484800e+005
8.4000000e+002	1.1483500e+005
8.3900000e+002	1.1365800e+005
8.3800000e+002	1.1399500e+005
8.3700000e+002	1.1414000e+005
8.3600000e+002	1.1439300e+005
8.3500000e+002	1.1330300e+005
8.3400000e+002	1.1307500e+005
8.3300000e+002	1.1306300e+005
8.3200000e+002	1.1243800e+005
8.3100000e+002	1.1300800e+005
8.3000000e+002	1.1357300e+005
8.2900000e+002	1.1302300e+005
8.2800000e+002	1.1288300e+005
8.2700000e+002	1.1291300e+005
8.2600000e+002	1.1270500e+005
8.2500000e+002	1.1222500e+005
8.2400000e+002	1.1385300e+005
8.2300000e+002	1.1211800e+005
8.2200000e+002	1.1228500e+005
8.2100000e+002	1.1319500e+005
8.2000000e+002	1.1382800e+005
8.1900000e+002	1.1353000e+005
8.1800000e+002	1.1336500e+005
8.1700000e+002	1.1331800e+005
8.1600000e+002	1.1288500e+005
8.1500000e+002	1.1358000e+005
8.1400000e+002	1.1416000e+005
8.1300000e+002	1.1391800e+005
8.1200000e+002	1.1436800e+005
8.1100000e+002	1.1449500e+005
8.1000000e+002	1.1517500e+005
8.0900000e+002	1.1587800e+005
8.0800000e+002	1.1653000e+005
8.0700000e+002	1.1585000e+005
8.0600000e+002	1.1605800e+005
8.0500000e+002	1.1560300e+005
8.0400000e+002	1.1617800e+005
8.0300000e+002	1.1666500e+005
8.0200000e+002	1.1645000e+005
8.0100000e+002	1.1765000e+005
8.0000000e+002	1.1777500e+005
7.9900000e+002	1.1799800e+005
7.9800000e+002	1.1722500e+005
7.9700000e+002	1.1864800e+005
7.9600000e+002	1.1737800e+005
7.9500000e+002	1.1830800e+005
7.9400000e+002	1.1860000e+005
7.9300000e+002	1.1895300e+005
7.9200000e+002	1.1902800e+005
7.9100000e+002	1.1951500e+005
7.9000000e+002	1.1972800e+005
7.8900000e+002	1.2005300e+005
7.8800000e+002	1.1922500e+005
7.8700000e+002	1.1960000e+005
7.8600000e+002	1.2060800e+005
7.8500000e+002	1.2122800e+005
7.8400000e+002	1.2039000e+005
7.8300000e+002	1.2042500e+005
7.8200000e+002	1.2076000e+005
7.8100000e+002	1.1974000e+005
7.8000000e+002	1.2073000e+005
7.7900000e+002	1.2106000e+005
7.7800000e+002	1.2148300e+005
7.7700000e+002	1.2216000e+005
7.7600000e+002	1.2236300e+005
7.7500000e+002	1.2254500e+005
7.7400000e+002	1.2283300e+005
7.7300000e+002	1.2285300e+005
7.7200000e+002	1.2312500e+005
7.7100000e+002	1.2295300e+005
7.7000000e+002	1.2409800e+005
7.6900000e+002	1.2280000e+005
7.6800000e+002	1.2398300e+005
7.6700000e+002	1.2471000e+005
7.6600000e+002	1.2463300e+005
7.6500000e+002	1.2444800e+005
7.6400000e+002	1.2465800e+005
7.6300000e+002	1.2548000e+005
7.6200000e+002	1.2584800e+005
7.6100000e+002	1.2598000e+005
7.6000000e+002	1.2765800e+005
7.5900000e+002	1.2748800e+005
7.5800000e+002	1.2740500e+005
7.5700000e+002	1.2797800e+005
7.5600000e+002	1.2824500e+005
7.5500000e+002	1.2886300e+005
7.5400000e+002	1.2770300e+005
7.5300000e+002	1.2658000e+005
7.5200000e+002	1.2585800e+005
7.5100000e+002	1.2516000e+005
7.5000000e+002	1.2409500e+005
7.4900000e+002	1.2263300e+005
7.4800000e+002	1.1976000e+005
7.4700000e+002	1.1660800e+005
7.4600000e+002	1.1312800e+005
7.4500000e+002	1.0944800e+005
7.4400000e+002	1.0711800e+005
7.4300000e+002	1.0286000e+005
7.4200000e+002	1.0054500e+005
7.4100000e+002	9.7670000e+004
7.4000000e+002	9.4852500e+004
7.3900000e+002	9.2952500e+004
7.3800000e+002	9.1242500e+004
7.3700000e+002	8.9892500e+004
7.3600000e+002	8.9355000e+004
7.3500000e+002	8.7527500e+004
7.3400000e+002	8.7260000e+004
7.3300000e+002	8.5477500e+004
7.3200000e+002	8.4852500e+004
7.3100000e+002	8.4102500e+004
7.3000000e+002	8.2007500e+004
7.2900000e+002	8.0887500e+004
7.2800000e+002	7.9340000e+004
7.2700000e+002	7.7627500e+004
7.2600000e+002	7.5762500e+004
7.2500000e+002	7.4060000e+004
7.2400000e+002	7.3097500e+004
7.2300000e+002	7.2127500e+004
7.2200000e+002	7.1287500e+004
7.2100000e+002	7.0002500e+004
7.2000000e+002	6.9992500e+004
7.1900000e+002	6.9210000e+004
7.1800000e+002	6.8520000e+004
7.1700000e+002	6.8410000e+004
7.1600000e+002	6.8172500e+004
7.1500000e+002	6.7992500e+004
7.1400000e+002	6.7747500e+004
7.1300000e+002	6.7805000e+004
7.1200000e+002	6.7797500e+004
7.1100000e+002	6.7450000e+004
7.1000000e+002	6.7412500e+004
7.0900000e+002	6.8385000e+004
7.0800000e+002	6.8790000e+004
7.0700000e+002	6.8235000e+004
7.0600000e+002	6.8090000e+004
7.0500000e+002	6.8812500e+004
7.0400000e+002	6.8437500e+004
7.0300000e+002	6.8302500e+004
7.0200000e+002	6.8260000e+004
7.0100000e+002	6.8145000e+004
7.0000000e+002	6.8435000e+004
6.9900000e+002	6.8767500e+004
6.9800000e+002	6.9147500e+004
6.9700000e+002	6.8745000e+004
6.9600000e+002	6.8757500e+004
6.9500000e+002	6.9512500e+004
6.9400000e+002	6.8962500e+004
6.9300000e+002	6.9490000e+004
6.9200000e+002	6.9675000e+004
6.9100000e+002	6.9630000e+004
6.9000000e+002	7.0022500e+004
6.8900000e+002	6.9627500e+004
6.8800000e+002	6.9065000e+004
6.8700000e+002	7.0520000e+004
6.8600000e+002	7.0877500e+004
6.8500000e+002	7.0500000e+004
6.8400000e+002	7.1107500e+004
6.8300000e+002	7.2002500e+004
6.8200000e+002	7.1150000e+004
6.8100000e+002	7.2087500e+004
6.8000000e+002	7.1500000e+004
6.7900000e+002	7.1440000e+004
6.7800000e+002	7.1640000e+004
6.7700000e+002	7.1392500e+004
6.7600000e+002	7.1867500e+004
6.7500000e+002	7.1785000e+004
6.7400000e+002	7.1857500e+004
6.7300000e+002	7.1790000e+004
6.7200000e+002	7.1995000e+004
6.7100000e+002	7.2665000e+004
6.7000000e+002	7.3070000e+004
6.6900000e+002	7.2337500e+004
6.6800000e+002	7.2737500e+004
6.6700000e+002	7.2900000e+004
6.6600000e+002	7.2747500e+004
6.6500000e+002	7.3067500e+004
6.6400000e+002	7.2760000e+004
6.6300000e+002	7.3202500e+004
6.6200000e+002	7.2392500e+004
6.6100000e+002	7.1865000e+004
6.6000000e+002	7.1925000e+004
6.5900000e+002	7.1797500e+004
6.5800000e+002	7.2072500e+004
6.5700000e+002	7.2500000e+004
6.5600000e+002	7.2920000e+004
6.5500000e+002	7.2710000e+004
6.5400000e+002	7.3670000e+004
6.5300000e+002	7.3712500e+004
6.5200000e+002	7.5102500e+004
6.5100000e+002	7.5402500e+004
6.5000000e+002	7.5805000e+004
6.4900000e+002	7.5727500e+004
6.4800000e+002	7.6400000e+004
6.4700000e+002	7.5942500e+004
6.4600000e+002	7.6042500e+004
6.4500000e+002	7.5765000e+004
6.4400000e+002	7.5250000e+004
6.4300000e+002	7.4447500e+004
6.4200000e+002	7.3072500e+004
6.4100000e+002	7.2085000e+004
6.4000000e+002	7.1925000e+004
6.3900000e+002	7.2447500e+004
6.3800000e+002	7.2797500e+004
6.3700000e+002	7.2925000e+004
6.3600000e+002	7.3225000e+004
6.3500000e+002	7.4240000e+004
6.3400000e+002	7.5625000e+004
6.3300000e+002	7.6137500e+004
6.3200000e+002	7.5852500e+004
6.3100000e+002	7.4920000e+004
6.3000000e+002	7.4610000e+004
6.2900000e+002	7.3470000e+004
6.2800000e+002	7.1650000e+004
6.2700000e+002	6.9307500e+004
6.2600000e+002	6.7890000e+004
6.2500000e+002	6.6697500e+004
6.2400000e+002	6.5540000e+004
6.2300000e+002	6.5102500e+004
6.2200000e+002	6.3650000e+004
6.2100000e+002	6.2875000e+004
6.2000000e+002	6.2420000e+004
6.1900000e+002	6.1887500e+004
6.1800000e+002	6.2125000e+004
6.1700000e+002	6.2715000e+004
6.1600000e+002	6.2737500e+004
6.1500000e+002	6.2897500e+004
6.1400000e+002	6.3180000e+004
6.1300000e+002	6.3490000e+004
6.1200000e+002	6.2575000e+004
6.1100000e+002	6.2147500e+004
6.1000000e+002	6.1027500e+004
6.0900000e+002	6.0887500e+004
6.0800000e+002	6.0320000e+004
6.0700000e+002	5.9877500e+004
6.0600000e+002	5.8852500e+004
6.0500000e+002	5.8500000e+004
6.0400000e+002	5.8282500e+004
6.0300000e+002	5.8177500e+004
6.0200000e+002	5.7012500e+004
6.0100000e+002	5.6890000e+004
6.0000000e+002	5.7117500e+004
5.9900000e+002	5.7407500e+004
5.9800000e+002	5.7642500e+004
5.9700000e+002	5.7430000e+004
5.9600000e+002	5.7012500e+004
5.9500000e+002	5.7397500e+004
5.9400000e+002	5.7885000e+004
5.9300000e+002	5.7560000e+004
5.9200000e+002	5.7652500e+004
5.9100000e+002	5.8087500e+004
5.9000000e+002	5.7322500e+004
5.8900000e+002	5.7437500e+004
5.8800000e+002	5.7232500e+004
5.8700000e+002	5.7355000e+004
5.8600000e+002	5.8197500e+004
5.8500000e+002	5.8362500e+004
5.8400000e+002	5.8157500e+004
5.8300000e+002	5.8135000e+004
5.8200000e+002	5.7947500e+004
5.8100000e+002	5.8047500e+004
5.8000000e+002	5.8075000e+004
5.7900000e+002	5.8187500e+004
5.7800000e+002	5.8867500e+004
5.7700000e+002	5.9507500e+004
5.7600000e+002	5.9615000e+004
5.7500000e+002	5.9990000e+004
5.7400000e+002	6.0652500e+004
5.7300000e+002	6.0797500e+004
5.7200000e+002	6.1277500e+004
5.7100000e+002	6.1395000e+004
5.7000000e+002	6.1870000e+004
5.6900000e+002	6.1025000e+004
5.6800000e+002	6.1420000e+004
5.6700000e+002	6.0772500e+004
5.6600000e+002	5.9825000e+004
5.6500000e+002	5.9610000e+004
5.6400000e+002	5.8915000e+004
5.6300000e+002	5.8915000e+004
5.6200000e+002	5.8997500e+004
5.6100000e+002	5.9465000e+004
5.6000000e+002	5.9855000e+004
5.5900000e+002	6.0282500e+004
5.5800000e+002	6.0442500e+004
5.5700000e+002	6.0460000e+004
5.5600000e+002	5.9875000e+004
5.5500000e+002	6.0065000e+004
5.5400000e+002	6.0585000e+004
5.5300000e+002	6.0267500e+004
5.5200000e+002	6.0865000e+004
5.5100000e+002	6.0482500e+004
5.5000000e+002	6.1122500e+004
5.4900000e+002	6.1515000e+004
5.4800000e+002	6.1872500e+004
5.4700000e+002	6.2660000e+004
5.4600000e+002	6.3070000e+004
5.4500000e+002	6.2215000e+004
5.4400000e+002	6.0705000e+004
5.4300000e+002	6.0027500e+004
5.4200000e+002	5.9452500e+004
5.4100000e+002	5.7797500e+004
5.4000000e+002	5.4685000e+004
5.3900000e+002	5.2240000e+004
5.3800000e+002	5.0442500e+004
5.3700000e+002	4.9822500e+004
5.3600000e+002	5.0005000e+004
5.3500000e+002	4.9890000e+004
5.3400000e+002	5.2685000e+004
5.3300000e+002	5.8242500e+004
5.3200000e+002	6.7892500e+004
5.3100000e+002	7.9707500e+004
5.3000000e+002	9.0615000e+004
5.2900000e+002	1.0393500e+005
5.2800000e+002	1.3055000e+005
5.2700000e+002	1.3974800e+005
5.2600000e+002	9.8925000e+004
5.2500000e+002	5.7245000e+004
5.2400000e+002	4.5037500e+004
5.2300000e+002	4.3782500e+004
5.2200000e+002	4.3462500e+004
5.2100000e+002	4.3475000e+004
5.2000000e+002	4.3522500e+004
5.1900000e+002	4.3242500e+004
5.1800000e+002	4.4027500e+004
5.1700000e+002	4.3905000e+004
5.1600000e+002	4.4120000e+004
5.1500000e+002	4.4402500e+004
5.1400000e+002	4.4495000e+004
5.1300000e+002	4.5497500e+004
5.1200000e+002	4.6240000e+004
5.1100000e+002	4.6082500e+004
5.1000000e+002	4.6827500e+004
5.0900000e+002	4.5455000e+004
5.0800000e+002	4.4185000e+004
5.0700000e+002	4.3575000e+004
5.0600000e+002	4.2820000e+004
5.0500000e+002	4.2992500e+004
5.0400000e+002	4.3405000e+004
5.0300000e+002	4.5302500e+004
5.0200000e+002	4.6867500e+004
5.0100000e+002	4.8090000e+004
5.0000000e+002	5.0507500e+004
4.9900000e+002	5.2807500e+004
4.9800000e+002	5.3440000e+004
4.9700000e+002	5.1152500e+004
4.9600000e+002	4.7310000e+004
4.9500000e+002	4.4345000e+004
4.9400000e+002	4.2050000e+004
4.9300000e+002	4.1225000e+004
4.9200000e+002	4.0267500e+004
4.9100000e+002	3.9905000e+004
4.9000000e+002	3.9625000e+004
4.8900000e+002	3.8845000e+004
4.8800000e+002	3.8932500e+004
4.8700000e+002	3.8205000e+004
4.8600000e+002	3.8087500e+004
4.8500000e+002	3.7807500e+004
4.8400000e+002	3.7880000e+004
4.8300000e+002	3.7675000e+004
4.8200000e+002	3.6957500e+004
4.8100000e+002	3.7317500e+004
4.8000000e+002	3.7487500e+004
4.7900000e+002	3.7820000e+004
4.7800000e+002	3.7355000e+004
4.7700000e+002	3.7285000e+004
4.7600000e+002	3.7260000e+004
4.7500000e+002	3.7435000e+004
4.7400000e+002	3.7345000e+004
4.7300000e+002	3.7612500e+004
4.7200000e+002	3.7385000e+004
4.7100000e+002	3.7880000e+004
4.7000000e+002	3.7542500e+004
4.6900000e+002	3.7685000e+004
4.6800000e+002	3.7590000e+004
4.6700000e+002	3.7372500e+004
4.6600000e+002	3.7672500e+004
4.6500000e+002	3.7990000e+004
4.6400000e+002	3.7937500e+004
4.6300000e+002	3.8320000e+004
4.6200000e+002	3.8182500e+004
4.6100000e+002	3.7967500e+004
4.6000000e+002	3.8272500e+004
4.5900000e+002	3.7977500e+004
4.5800000e+002	3.8235000e+004
4.5700000e+002	3.8345000e+004
4.5600000e+002	3.8505000e+004
4.5500000e+002	3.8237500e+004
4.5400000e+002	3.8222500e+004
4.5300000e+002	3.7942500e+004
4.5200000e+002	3.8765000e+004
4.5100000e+002	3.8855000e+004
4.5000000e+002	3.9147500e+004
4.4900000e+002	3.8417500e+004
4.4800000e+002	3.8925000e+004
4.4700000e+002	3.9050000e+004
4.4600000e+002	3.8932500e+004
4.4500000e+002	3.9282500e+004
4.4400000e+002	3.9885000e+004
4.4300000e+002	3.9945000e+004
4.4200000e+002	3.8847500e+004
4.4100000e+002	3.8947500e+004
4.4000000e+002	3.8877500e+004
4.3900000e+002	3.9015000e+004
4.3800000e+002	3.8442500e+004
4.3700000e+002	3.8225000e+004
4.3600000e+002	3.8605000e+004
4.3500000e+002	3.8590000e+004
4.3400000e+002	3.8600000e+004
4.3300000e+002	3.8907500e+004
4.3200000e+002	3.9192500e+004
4.3100000e+002	3.8395000e+004
4.3000000e+002	3.8380000e+004
4.2900000e+002	3.9330000e+004
4.2800000e+002	3.9022500e+004
4.2700000e+002	3.8462500e+004
4.2600000e+002	3.8175000e+004
4.2500000e+002	3.8377500e+004
4.2400000e+002	3.8870000e+004
4.2300000e+002	3.8880000e+004
4.2200000e+002	3.8947500e+004
4.2100000e+002	3.9070000e+004
4.2000000e+002	3.9452500e+004
4.1900000e+002	3.9875000e+004
4.1800000e+002	4.0627500e+004
4.1700000e+002	4.1692500e+004
4.1600000e+002	4.3142500e+004
4.1500000e+002	4.3587500e+004
4.1400000e+002	4.3335000e+004
4.1300000e+002	4.2825000e+004
4.1200000e+002	4.3007500e+004
4.1100000e+002	4.3487500e+004
4.1000000e+002	4.2462500e+004
4.0900000e+002	4.0637500e+004
4.0800000e+002	3.8447500e+004
4.0700000e+002	3.7885000e+004
4.0600000e+002	4.0597500e+004
4.0500000e+002	4.8367500e+004
4.0400000e+002	5.9685000e+004
4.0300000e+002	6.1690000e+004
4.0200000e+002	5.3892500e+004
4.0100000e+002	5.1732500e+004
4.0000000e+002	6.6942500e+004
3.9900000e+002	7.8727500e+004
3.9800000e+002	6.1632500e+004
3.9700000e+002	3.7562500e+004
3.9600000e+002	2.7495000e+004
3.9500000e+002	2.6100000e+004
3.9400000e+002	2.5817500e+004
3.9300000e+002	2.5810000e+004
3.9200000e+002	2.5830000e+004
3.9100000e+002	2.5722500e+004
3.9000000e+002	2.5755000e+004
3.8900000e+002	2.5792500e+004
3.8800000e+002	2.5805000e+004
3.8700000e+002	2.5542500e+004
3.8600000e+002	2.6125000e+004
3.8500000e+002	2.5937500e+004
3.8400000e+002	2.6202500e+004
3.8300000e+002	2.5930000e+004
3.8200000e+002	2.5835000e+004
3.8100000e+002	2.6155000e+004
3.8000000e+002	2.6180000e+004
3.7900000e+002	2.6365000e+004
3.7800000e+002	2.6282500e+004
3.7700000e+002	2.5925000e+004
3.7600000e+002	2.6105000e+004
3.7500000e+002	2.6047500e+004
3.7400000e+002	2.5820000e+004
3.7300000e+002	2.6302500e+004
3.7200000e+002	2.6407500e+004
3.7100000e+002	2.6392500e+004
3.7000000e+002	2.6300000e+004
3.6900000e+002	2.6285000e+004
3.6800000e+002	2.6790000e+004
3.6700000e+002	2.6647500e+004
3.6600000e+002	2.6895000e+004
3.6500000e+002	2.6617500e+004
3.6400000e+002	2.6895000e+004
3.6300000e+002	2.6717500e+004
3.6200000e+002	2.6880000e+004
3.6100000e+002	2.6850000e+004
3.6000000e+002	2.6645000e+004
3.5900000e+002	2.7100000e+004
3.5800000e+002	2.6980000e+004
3.5700000e+002	2.6907500e+004
3.5600000e+002	2.7130000e+004
3.5500000e+002	2.6852500e+004
3.5400000e+002	2.6475000e+004
3.5300000e+002	2.6287500e+004
3.5200000e+002	2.7047500e+004
3.5100000e+002	2.7407500e+004
3.5000000e+002	2.7632500e+004
3.4900000e+002	2.7240000e+004
3.4800000e+002	2.7532500e+004
3.4700000e+002	2.7497500e+004
3.4600000e+002	2.7495000e+004
3.4500000e+002	2.7592500e+004
3.4400000e+002	2.7257500e+004
3.4300000e+002	2.7137500e+004
3.4200000e+002	2.6792500e+004
3.4100000e+002	2.6820000e+004
3.4000000e+002	2.6987500e+004
3.3900000e+002	2.7272500e+004
3.3800000e+002	2.7097500e+004
3.3700000e+002	2.7180000e+004
3.3600000e+002	2.7167500e+004
3.3500000e+002	2.7637500e+004
3.3400000e+002	2.7397500e+004
3.3300000e+002	2.7725000e+004
3.3200000e+002	2.7610000e+004
3.3100000e+002	2.7877500e+004
3.3000000e+002	2.8062500e+004
3.2900000e+002	2.7907500e+004
3.2800000e+002	2.7750000e+004
3.2700000e+002	2.8170000e+004
3.2600000e+002	2.8045000e+004
3.2500000e+002	2.8272500e+004
3.2400000e+002	2.8657500e+004
3.2300000e+002	2.9397500e+004
3.2200000e+002	2.9802500e+004
3.2100000e+002	3.0527500e+004
3.2000000e+002	3.1130000e+004
3.1900000e+002	3.1485000e+004
3.1800000e+002	3.1615000e+004
3.1700000e+002	3.1315000e+004
3.1600000e+002	3.1337500e+004
3.1500000e+002	2.9897500e+004
3.1400000e+002	2.9332500e+004
3.1300000e+002	2.9287500e+004
3.1200000e+002	2.8272500e+004
3.1100000e+002	2.7742500e+004
3.1000000e+002	2.7882500e+004
3.0900000e+002	2.7315000e+004
3.0800000e+002	2.7235000e+004
3.0700000e+002	2.7125000e+004
3.0600000e+002	2.7512500e+004
3.0500000e+002	2.7310000e+004
3.0400000e+002	2.7190000e+004
3.0300000e+002	2.7207500e+004
3.0200000e+002	2.6857500e+004
3.0100000e+002	2.7257500e+004
3.0000000e+002	2.7135000e+004
2.9900000e+002	2.6877500e+004
2.9800000e+002	2.7220000e+004
2.9700000e+002	2.7337500e+004
2.9600000e+002	2.6660000e+004
2.9500000e+002	2.6622500e+004
2.9400000e+002	2.6790000e+004
2.9300000e+002	2.6722500e+004
2.9200000e+002	2.6967500e+004
2.9100000e+002	2.7087500e+004
2.9000000e+002	2.7250000e+004
2.8900000e+002	2.7765000e+004
2.8800000e+002	2.9367500e+004
2.8700000e+002	3.0155000e+004
2.8600000e+002	3.0657500e+004
2.8500000e+002	3.1587500e+004
2.8400000e+002	3.3847500e+004
2.8300000e+002	3.5585000e+004
2.8200000e+002	3.3295000e+004
2.8100000e+002	2.9185000e+004
2.8000000e+002	2.7390000e+004
2.7900000e+002	2.6905000e+004
2.7800000e+002	2.7027500e+004
2.7700000e+002	2.7282500e+004
2.7600000e+002	2.7122500e+004
2.7500000e+002	2.7242500e+004
2.7400000e+002	2.7430000e+004
2.7300000e+002	2.7835000e+004
2.7200000e+002	2.8032500e+004
2.7100000e+002	2.8582500e+004
2.7000000e+002	2.8835000e+004
2.6900000e+002	2.8427500e+004
2.6800000e+002	2.8825000e+004
2.6700000e+002	2.8360000e+004
2.6600000e+002	2.8462500e+004
2.6500000e+002	2.8282500e+004
2.6400000e+002	2.8185000e+004
2.6300000e+002	2.7845000e+004
2.6200000e+002	2.7977500e+004
2.6100000e+002	2.7565000e+004
2.6000000e+002	2.7670000e+004
2.5900000e+002	2.7695000e+004
2.5800000e+002	2.7427500e+004
2.5700000e+002	2.7305000e+004
2.5600000e+002	2.7165000e+004
2.5500000e+002	2.7192500e+004
2.5400000e+002	2.7042500e+004
2.5300000e+002	2.7020000e+004
2.5200000e+002	2.6255000e+004
2.5100000e+002	2.6615000e+004
2.5000000e+002	2.6822500e+004
2.4900000e+002	2.6892500e+004
2.4800000e+002	2.6552500e+004
2.4700000e+002	2.7450000e+004
2.4600000e+002	2.7400000e+004
2.4500000e+002	2.7525000e+004
2.4400000e+002	2.7815000e+004
2.4300000e+002	2.7642500e+004
2.4200000e+002	2.7107500e+004
2.4100000e+002	2.6477500e+004
2.4000000e+002	2.6105000e+004
2.3900000e+002	2.6145000e+004
2.3800000e+002	2.5835000e+004
2.3700000e+002	2.5047500e+004
2.3600000e+002	2.4392500e+004
2.3500000e+002	2.3965000e+004
2.3400000e+002	2.4555000e+004
2.3300000e+002	2.4967500e+004
2.3200000e+002	2.6302500e+004
2.3100000e+002	2.7845000e+004
2.3000000e+002	2.9880000e+004
2.2900000e+002	3.2510000e+004
2.2800000e+002	3.5465000e+004
2.2700000e+002	3.5907500e+004
2.2600000e+002	3.5357500e+004
2.2500000e+002	3.4052500e+004
2.2400000e+002	3.1597500e+004
2.2300000e+002	2.7542500e+004
2.2200000e+002	2.4347500e+004
2.2100000e+002	2.1850000e+004
2.2000000e+002	2.0602500e+004
2.1900000e+002	1.9942500e+004
2.1800000e+002	1.9527500e+004
2.1700000e+002	1.9250000e+004
2.1600000e+002	1.9432500e+004
2.1500000e+002	1.9812500e+004
2.1400000e+002	1.9752500e+004
2.1300000e+002	1.9687500e+004
2.1200000e+002	2.0067500e+004
2.1100000e+002	1.9857500e+004
2.1000000e+002	2.0105000e+004
2.0900000e+002	1.9757500e+004
2.0800000e+002	1.9595000e+004
2.0700000e+002	1.9710000e+004
2.0600000e+002	1.9870000e+004
2.0500000e+002	1.9565000e+004
2.0400000e+002	1.9515000e+004
2.0300000e+002	1.9897500e+004
2.0200000e+002	2.0005000e+004
2.0100000e+002	1.9807500e+004
2.0000000e+002	2.0050000e+004
1.9900000e+002	1.9825000e+004
1.9800000e+002	2.0112500e+004
1.9700000e+002	2.0145000e+004
1.9600000e+002	2.0080000e+004
1.9500000e+002	2.0050000e+004
1.9400000e+002	2.0177500e+004
1.9300000e+002	2.0325000e+004
1.9200000e+002	2.0462500e+004
1.9100000e+002	2.0832500e+004
1.9000000e+002	2.0885000e+004
1.8900000e+002	2.0762500e+004
1.8800000e+002	2.0522500e+004
1.8700000e+002	2.0607500e+004
1.8600000e+002	2.0745000e+004
1.8500000e+002	2.0320000e+004
1.8400000e+002	2.0385000e+004
1.8300000e+002	2.0690000e+004
1.8200000e+002	2.0575000e+004
1.8100000e+002	2.0840000e+004
1.8000000e+002	2.1040000e+004
1.7900000e+002	2.1072500e+004
1.7800000e+002	2.1220000e+004
1.7700000e+002	2.1037500e+004
1.7600000e+002	2.0902500e+004
1.7500000e+002	2.1080000e+004
1.7400000e+002	2.1262500e+004
1.7300000e+002	2.1100000e+004
1.7200000e+002	2.1387500e+004
1.7100000e+002	2.1695000e+004
1.7000000e+002	2.1865000e+004
1.6900000e+002	2.1930000e+004
1.6800000e+002	2.1970000e+004
1.6700000e+002	2.2422500e+004
1.6600000e+002	2.2642500e+004
1.6500000e+002	2.2675000e+004
1.6400000e+002	2.3465000e+004
1.6300000e+002	2.3150000e+004
1.6200000e+002	2.3462500e+004
1.6100000e+002	2.2985000e+004
1.6000000e+002	2.2900000e+004
1.5900000e+002	2.2330000e+004
1.5800000e+002	2.2155000e+004
1.5700000e+002	2.2630000e+004
1.5600000e+002	2.2437500e+004
1.5500000e+002	2.2310000e+004
1.5400000e+002	2.2572500e+004
1.5300000e+002	2.2515000e+004
1.5200000e+002	2.2750000e+004
1.5100000e+002	2.2582500e+004
1.5000000e+002	2.2730000e+004
1.4900000e+002	2.2587500e+004
1.4800000e+002	2.2182500e+004
1.4700000e+002	2.2402500e+004
1.4600000e+002	2.2390000e+004
1.4500000e+002	2.2110000e+004
1.4400000e+002	2.2060000e+004
1.4300000e+002	2.1500000e+004
1.4200000e+002	2.1070000e+004
1.4100000e+002	2.0837500e+004
1.4000000e+002	2.0982500e+004
1.3900000e+002	2.1237500e+004
1.3800000e+002	2.1482500e+004
1.3700000e+002	2.2065000e+004
1.3600000e+002	2.1920000e+004
1.3500000e+002	2.2130000e+004
1.3400000e+002	2.1835000e+004
1.3300000e+002	2.1660000e+004
1.3200000e+002	2.1767500e+004
1.3100000e+002	2.1477500e+004
1.3000000e+002	2.0885000e+004
1.2900000e+002	2.0470000e+004
1.2800000e+002	2.1912500e+004
1.2700000e+002	2.4135000e+004
1.2600000e+002	2.7237500e+004
1.2500000e+002	3.1532500e+004
1.2400000e+002	3.6550000e+004
1.2300000e+002	4.1260000e+004
1.2200000e+002	4.6545000e+004
1.2100000e+002	5.0860000e+004
1.2000000e+002	5.2415000e+004
1.1900000e+002	5.0635000e+004
1.1800000e+002	4.6127500e+004
1.1700000e+002	3.8800000e+004
1.1600000e+002	3.1407500e+004
1.1500000e+002	2.3760000e+004
1.1400000e+002	1.7080000e+004
1.1300000e+002	1.1750000e+004
1.1200000e+002	7.7875000e+003
1.1100000e+002	6.1975000e+003
1.1000000e+002	5.6275000e+003
1.0900000e+002	5.5275000e+003
1.0800000e+002	5.4775000e+003
1.0700000e+002	5.6850000e+003
1.0600000e+002	5.5675000e+003
1.0500000e+002	5.5525000e+003
1.0400000e+002	5.4050000e+003
1.0300000e+002	5.9375000e+003
1.0200000e+002	5.9725000e+003
1.0100000e+002	5.9775000e+003
1.0000000e+002	5.9800000e+003
9.9000000e+001	5.8325000e+003
9.8000000e+001	5.7075000e+003
9.7000000e+001	5.6050000e+003
9.6000000e+001	5.6050000e+003
9.5000000e+001	5.7225000e+003
9.4000000e+001	5.6050000e+003
9.3000000e+001	5.6975000e+003
9.2000000e+001	5.7600000e+003
9.1000000e+001	5.9175000e+003
9.0000000e+001	6.1000000e+003
8.9000000e+001	5.7325000e+003
8.8000000e+001	5.7475000e+003
8.7000000e+001	5.7675000e+003
8.6000000e+001	5.7250000e+003
8.5000000e+001	5.6425000e+003
8.4000000e+001	6.0100000e+003
8.3000000e+001	5.9850000e+003
8.2000000e+001	5.9400000e+003
8.1000000e+001	6.0625000e+003
8.0000000e+001	5.8600000e+003
7.9000000e+001	6.0550000e+003
7.8000000e+001	6.1825000e+003
7.7000000e+001	5.8800000e+003
7.6000000e+001	5.8950000e+003
7.5000000e+001	6.0800000e+003
7.4000000e+001	6.1950000e+003
7.3000000e+001	6.1075000e+003
7.2000000e+001	6.3275000e+003
7.1000000e+001	6.3275000e+003
7.0000000e+001	6.3150000e+003
6.9000000e+001	6.1825000e+003
6.8000000e+001	6.2850000e+003
6.7000000e+001	6.3300000e+003
6.6000000e+001	6.1600000e+003
6.5000000e+001	6.3325000e+003
6.4000000e+001	6.4475000e+003
6.3000000e+001	6.5125000e+003
6.2000000e+001	6.1750000e+003
6.1000000e+001	6.1925000e+003
6.0000000e+001	6.1425000e+003
5.9000000e+001	5.8750000e+003
5.8000000e+001	6.0175000e+003
5.7000000e+001	5.9475000e+003
5.6000000e+001	6.0225000e+003
5.5000000e+001	6.3900000e+003
5.4000000e+001	6.4900000e+003
5.3000000e+001	7.0975000e+003
5.2000000e+001	7.9650000e+003
5.1000000e+001	8.9075000e+003
5.0000000e+001	8.8325000e+003
4.9000000e+001	7.5875000e+003
4.8000000e+001	6.5825000e+003
4.7000000e+001	6.0875000e+003
4.6000000e+001	5.6650000e+003
4.5000000e+001	5.7850000e+003
4.4000000e+001	6.2450000e+003
4.3000000e+001	6.2750000e+003
4.2000000e+001	6.4400000e+003
4.1000000e+001	6.3750000e+003
4.0000000e+001	6.4050000e+003
3.9000000e+001	6.4250000e+003
3.8000000e+001	6.4250000e+003
3.7000000e+001	6.4000000e+003
3.6000000e+001	6.2225000e+003
3.5000000e+001	6.2275000e+003
3.4000000e+001	5.8300000e+003
3.3000000e+001	6.0150000e+003
3.2000000e+001	6.0800000e+003
3.1000000e+001	7.1650000e+003
3.0000000e+001	9.5550000e+003
2.9000000e+001	1.1465000e+004
2.8000000e+001	1.0172500e+004
2.7000000e+001	6.6425000e+003
2.6000000e+001	4.4900000e+003
2.5000000e+001	4.2200000e+003
2.4000000e+001	4.7400000e+003
2.3000000e+001	5.9600000e+003
2.2000000e+001	7.4725000e+003
2.1000000e+001	8.8275000e+003
2.0000000e+001	9.1650000e+003
1.9000000e+001	9.0825000e+003
1.8000000e+001	8.6900000e+003
1.7000000e+001	8.8125000e+003
1.6000000e+001	8.1600000e+003
1.5000000e+001	5.7175000e+003
1.4000000e+001	3.0150000e+003
1.3000000e+001	1.6650000e+003
1.2000000e+001	1.1600000e+003
1.1000000e+001	1.0625000e+003
1.0000000e+001	1.1600000e+003
9.0000000e+000	1.3650000e+003
8.0000000e+000	1.8700000e+003
7.0000000e+000	2.4950000e+003
6.0000000e+000	3.3550000e+003
5.0000000e+000	4.4350000e+003
4.0000000e+000	5.5325000e+003
3.0000000e+000	5.8500000e+003
2.0000000e+000	5.5850000e+003
1.0000000e+000	3.9025000e+003
0.0000000e+000	1.6175000e+003
