1.4000000e+003	2.2348800e+005
1.3990000e+003	2.2006500e+005
1.3980000e+003	2.1604000e+005
1.3970000e+003	2.1144800e+005
1.3960000e+003	2.0983500e+005
1.3950000e+003	2.0624800e+005
1.3940000e+003	2.0208500e+005
1.3930000e+003	1.9892500e+005
1.3920000e+003	1.9515500e+005
1.3910000e+003	1.9366300e+005
1.3900000e+003	1.9038000e+005
1.3890000e+003	1.8774800e+005
1.3880000e+003	1.8481500e+005
1.3870000e+003	1.8298800e+005
1.3860000e+003	1.8173300e+005
1.3850000e+003	1.7822800e+005
1.3840000e+003	1.7617300e+005
1.3830000e+003	1.7575500e+005
1.3820000e+003	1.7376300e+005
1.3810000e+003	1.7234300e+005
1.3800000e+003	1.6856800e+005
1.3790000e+003	1.6760000e+005
1.3780000e+003	1.6550500e+005
1.3770000e+003	1.6357800e+005
1.3760000e+003	1.6012800e+005
1.3750000e+003	1.5725000e+005
1.3740000e+003	1.5536000e+005
1.3730000e+003	1.5281800e+005
1.3720000e+003	1.4933500e+005
1.3710000e+003	1.4770800e+005
1.3700000e+003	1.4549800e+005
1.3690000e+003	1.4358000e+005
1.3680000e+003	1.4032300e+005
1.3670000e+003	1.3891800e+005
1.3660000e+003	1.3807500e+005
1.3650000e+003	1.3651000e+005
1.3640000e+003	1.3651000e+005
1.3630000e+003	1.3539800e+005
1.3620000e+003	1.3373800e+005
1.3610000e+003	1.3292500e+005
1.3600000e+003	1.3182500e+005
1.3590000e+003	1.3003000e+005
1.3580000e+003	1.2788300e+005
1.3570000e+003	1.2615000e+005
1.3560000e+003	1.2437800e+005
1.3550000e+003	1.2224800e+005
1.3540000e+003	1.2040800e+005
1.3530000e+003	1.1875800e+005
1.3520000e+003	1.1746800e+005
1.3510000e+003	1.1633000e+005
1.3500000e+003	1.1476800e+005
1.3490000e+003	1.1300800e+005
1.3480000e+003	1.1171000e+005
1.3470000e+003	1.1096300e+005
1.3460000e+003	1.1000500e+005
1.3450000e+003	1.0863500e+005
1.3440000e+003	1.0735000e+005
1.3430000e+003	1.0615300e+005
1.3420000e+003	1.0512000e+005
1.3410000e+003	1.0363800e+005
1.3400000e+003	1.0259000e+005
1.3390000e+003	1.0186300e+005
1.3380000e+003	1.0148800e+005
1.3370000e+003	1.0092000e+005
1.3360000e+003	1.0020300e+005
1.3350000e+003	1.0008300e+005
1.3340000e+003	9.9655000e+004
1.3330000e+003	9.8607500e+004
1.3320000e+003	9.8862500e+004
1.3310000e+003	9.8220000e+004
1.3300000e+003	9.8147500e+004
1.3290000e+003	9.8650000e+004
1.3280000e+003	9.8440000e+004
1.3270000e+003	9.8392500e+004
1.3260000e+003	9.8050000e+004
1.3250000e+003	9.8542500e+004
1.3240000e+003	9.8487500e+004
1.3230000e+003	9.8805000e+004
1.3220000e+003	9.9752500e+004
1.3210000e+003	9.9700000e+004
1.3200000e+003	1.0025800e+005
1.3190000e+003	1.0082800e+005
1.3180000e+003	1.0051300e+005
1.3170000e+003	1.0069800e+005
1.3160000e+003	1.0163300e+005
1.3150000e+003	1.0226500e+005
1.3140000e+003	1.0190800e+005
1.3130000e+003	1.0268800e+005
1.3120000e+003	1.0348800e+005
1.3110000e+003	1.0342800e+005
1.3100000e+003	1.0370800e+005
1.3090000e+003	1.0471000e+005
1.3080000e+003	1.0397500e+005
1.3070000e+003	1.0551500e+005
1.3060000e+003	1.0597800e+005
1.3050000e+003	1.0572800e+005
1.3040000e+003	1.0522800e+005
1.3030000e+003	1.0512500e+005
1.3020000e+003	1.0467500e+005
1.3010000e+003	1.0526500e+005
1.3000000e+003	1.0462800e+005
1.2990000e+003	1.0575000e+005
1.2980000e+003	1.0556000e+005
1.2970000e+003	1.0485000e+005
1.2960000e+003	1.0491300e+005
1.2950000e+003	1.0654000e+005
1.2940000e+003	1.0577300e+005
1.2930000e+003	1.0592300e+005
1.2920000e+003	1.0532800e+005
1.2910000e+003	1.0545800e+005
1.2900000e+003	1.0550300e+005
1.2890000e+003	1.0630800e+005
1.2880000e+003	1.0562000e+005
1.2870000e+003	1.0606800e+005
1.2860000e+003	1.0617000e+005
1.2850000e+003	1.0691300e+005
1.2840000e+003	1.0646000e+005
1.2830000e+003	1.0618000e+005
1.2820000e+003	1.0729800e+005
1.2810000e+003	1.0703800e+005
1.2800000e+003	1.0659500e+005
1.2790000e+003	1.0718800e+005
1.2780000e+003	1.0749300e+005
1.2770000e+003	1.0763300e+005
1.2760000e+003	1.0806000e+005
1.2750000e+003	1.0770800e+005
1.2740000e+003	1.0770300e+005
1.2730000e+003	1.0771800e+005
1.2720000e+003	1.0820000e+005
1.2710000e+003	1.0787000e+005
1.2700000e+003	1.0797000e+005
1.2690000e+003	1.0867800e+005
1.2680000e+003	1.0876300e+005
1.2670000e+003	1.0894500e+005
1.2660000e+003	1.0909800e+005
1.2650000e+003	1.0974500e+005
1.2640000e+003	1.0971800e+005
1.2630000e+003	1.0964500e+005
1.2620000e+003	1.0997500e+005
1.2610000e+003	1.1056000e+005
1.2600000e+003	1.1039000e+005
1.2590000e+003	1.1057800e+005
1.2580000e+003	1.0927500e+005
1.2570000e+003	1.1026800e+005
1.2560000e+003	1.1033800e+005
1.2550000e+003	1.1075800e+005
1.2540000e+003	1.1052800e+005
1.2530000e+003	1.1103000e+005
1.2520000e+003	1.0967000e+005
1.2510000e+003	1.1063000e+005
1.2500000e+003	1.1201000e+005
1.2490000e+003	1.1084300e+005
1.2480000e+003	1.1207500e+005
1.2470000e+003	1.1194800e+005
1.2460000e+003	1.1106000e+005
1.2450000e+003	1.1210800e+005
1.2440000e+003	1.1184300e+005
1.2430000e+003	1.1203500e+005
1.2420000e+003	1.1313500e+005
1.2410000e+003	1.1256300e+005
1.2400000e+003	1.1305300e+005
1.2390000e+003	1.1241000e+005
1.2380000e+003	1.1305800e+005
1.2370000e+003	1.1293300e+005
1.2360000e+003	1.1278500e+005
1.2350000e+003	1.1219500e+005
1.2340000e+003	1.1210800e+005
1.2330000e+003	1.1271000e+005
1.2320000e+003	1.1348800e+005
1.2310000e+003	1.1258800e+005
1.2300000e+003	1.1233500e+005
1.2290000e+003	1.1361300e+005
1.2280000e+003	1.1295000e+005
1.2270000e+003	1.1236300e+005
1.2260000e+003	1.1117300e+005
1.2250000e+003	1.1133800e+005
1.2240000e+003	1.1176800e+005
1.2230000e+003	1.1205300e+005
1.2220000e+003	1.1470800e+005
1.2210000e+003	1.1882500e+005
1.2200000e+003	1.2410500e+005
1.2190000e+003	1.2749300e+005
1.2180000e+003	1.2954800e+005
1.2170000e+003	1.2881800e+005
1.2160000e+003	1.2523800e+005
1.2150000e+003	1.1913500e+005
1.2140000e+003	1.1393500e+005
1.2130000e+003	1.0788000e+005
1.2120000e+003	1.0335000e+005
1.2110000e+003	9.9337500e+004
1.2100000e+003	9.7302500e+004
1.2090000e+003	9.6567500e+004
1.2080000e+003	9.6422500e+004
1.2070000e+003	9.6665000e+004
1.2060000e+003	9.5600000e+004
1.2050000e+003	9.5010000e+004
1.2040000e+003	9.5140000e+004
1.2030000e+003	9.4945000e+004
1.2020000e+003	9.4602500e+004
1.2010000e+003	9.5055000e+004
1.2000000e+003	9.5425000e+004
1.1990000e+003	9.4425000e+004
1.1980000e+003	9.4765000e+004
1.1970000e+003	9.4650000e+004
1.1960000e+003	9.4887500e+004
1.1950000e+003	9.3435000e+004
1.1940000e+003	9.1335000e+004
1.1930000e+003	9.0022500e+004
1.1920000e+003	8.9455000e+004
1.1910000e+003	8.9860000e+004
1.1900000e+003	9.3392500e+004
1.1890000e+003	9.9565000e+004
1.1880000e+003	1.0833300e+005
1.1870000e+003	1.1758000e+005
1.1860000e+003	1.2319300e+005
1.1850000e+003	1.2587500e+005
1.1840000e+003	1.2415000e+005
1.1830000e+003	1.1653300e+005
1.1820000e+003	1.0647300e+005
1.1810000e+003	9.5257500e+004
1.1800000e+003	8.5287500e+004
1.1790000e+003	7.9032500e+004
1.1780000e+003	7.6592500e+004
1.1770000e+003	7.6222500e+004
1.1760000e+003	7.5560000e+004
1.1750000e+003	7.5900000e+004
1.1740000e+003	7.5885000e+004
1.1730000e+003	7.6242500e+004
1.1720000e+003	7.6512500e+004
1.1710000e+003	7.5820000e+004
1.1700000e+003	7.5540000e+004
1.1690000e+003	7.6495000e+004
1.1680000e+003	7.5987500e+004
1.1670000e+003	7.5625000e+004
1.1660000e+003	7.5715000e+004
1.1650000e+003	7.5302500e+004
1.1640000e+003	7.4955000e+004
1.1630000e+003	7.5955000e+004
1.1620000e+003	7.5132500e+004
1.1610000e+003	7.5485000e+004
1.1600000e+003	7.5767500e+004
1.1590000e+003	7.6155000e+004
1.1580000e+003	7.5580000e+004
1.1570000e+003	7.6012500e+004
1.1560000e+003	7.5780000e+004
1.1550000e+003	7.6112500e+004
1.1540000e+003	7.6620000e+004
1.1530000e+003	7.7582500e+004
1.1520000e+003	7.8235000e+004
1.1510000e+003	7.8512500e+004
1.1500000e+003	8.0375000e+004
1.1490000e+003	7.9235000e+004
1.1480000e+003	7.8772500e+004
1.1470000e+003	7.8880000e+004
1.1460000e+003	7.7672500e+004
1.1450000e+003	7.6532500e+004
1.1440000e+003	7.5812500e+004
1.1430000e+003	7.4432500e+004
1.1420000e+003	7.4112500e+004
1.1410000e+003	7.4242500e+004
1.1400000e+003	7.4522500e+004
1.1390000e+003	7.4545000e+004
1.1380000e+003	7.3977500e+004
1.1370000e+003	7.3422500e+004
1.1360000e+003	7.3800000e+004
1.1350000e+003	7.3447500e+004
1.1340000e+003	7.3437500e+004
1.1330000e+003	7.2910000e+004
1.1320000e+003	7.2942500e+004
1.1310000e+003	7.3140000e+004
1.1300000e+003	7.3147500e+004
1.1290000e+003	7.3705000e+004
1.1280000e+003	7.4255000e+004
1.1270000e+003	7.3567500e+004
1.1260000e+003	7.3725000e+004
1.1250000e+003	7.4195000e+004
1.1240000e+003	7.4685000e+004
1.1230000e+003	7.4887500e+004
1.1220000e+003	7.4682500e+004
1.1210000e+003	7.5602500e+004
1.1200000e+003	7.5790000e+004
1.1190000e+003	7.6122500e+004
1.1180000e+003	7.6075000e+004
1.1170000e+003	7.5560000e+004
1.1160000e+003	7.5542500e+004
1.1150000e+003	7.4782500e+004
1.1140000e+003	7.4877500e+004
1.1130000e+003	7.5002500e+004
1.1120000e+003	7.5345000e+004
1.1110000e+003	7.5840000e+004
1.1100000e+003	7.5517500e+004
1.1090000e+003	7.5427500e+004
1.1080000e+003	7.4652500e+004
1.1070000e+003	7.5360000e+004
1.1060000e+003	7.5680000e+004
1.1050000e+003	7.5335000e+004
1.1040000e+003	7.5347500e+004
1.1030000e+003	7.5650000e+004
1.1020000e+003	7.5270000e+004
1.1010000e+003	7.5337500e+004
1.1000000e+003	7.5992500e+004
1.0990000e+003	7.5977500e+004
1.0980000e+003	7.6092500e+004
1.0970000e+003	7.6430000e+004
1.0960000e+003	7.6240000e+004
1.0950000e+003	7.7392500e+004
1.0940000e+003	7.7747500e+004
1.0930000e+003	7.6477500e+004
1.0920000e+003	7.6927500e+004
1.0910000e+003	7.7120000e+004
1.0900000e+003	7.7532500e+004
1.0890000e+003	7.7610000e+004
1.0880000e+003	7.7817500e+004
1.0870000e+003	7.7495000e+004
1.0860000e+003	7.8265000e+004
1.0850000e+003	7.8317500e+004
1.0840000e+003	7.9430000e+004
1.0830000e+003	7.8732500e+004
1.0820000e+003	7.7542500e+004
1.0810000e+003	7.7872500e+004
1.0800000e+003	7.8472500e+004
1.0790000e+003	7.8437500e+004
1.0780000e+003	7.9527500e+004
1.0770000e+003	7.8567500e+004
1.0760000e+003	7.8447500e+004
1.0750000e+003	7.8632500e+004
1.0740000e+003	7.9590000e+004
1.0730000e+003	7.9192500e+004
1.0720000e+003	7.9975000e+004
1.0710000e+003	8.0567500e+004
1.0700000e+003	8.0972500e+004
1.0690000e+003	8.0255000e+004
1.0680000e+003	8.0745000e+004
1.0670000e+003	8.0827500e+004
1.0660000e+003	8.0100000e+004
1.0650000e+003	8.0910000e+004
1.0640000e+003	8.0890000e+004
1.0630000e+003	8.0707500e+004
1.0620000e+003	8.0730000e+004
1.0610000e+003	8.1292500e+004
1.0600000e+003	8.1297500e+004
1.0590000e+003	8.1100000e+004
1.0580000e+003	8.1215000e+004
1.0570000e+003	8.1525000e+004
1.0560000e+003	8.2197500e+004
1.0550000e+003	8.2445000e+004
1.0540000e+003	8.2180000e+004
1.0530000e+003	8.2305000e+004
1.0520000e+003	8.2697500e+004
1.0510000e+003	8.2825000e+004
1.0500000e+003	8.2692500e+004
1.0490000e+003	8.2730000e+004
1.0480000e+003	8.3147500e+004
1.0470000e+003	8.3155000e+004
1.0460000e+003	8.3217500e+004
1.0450000e+003	8.3827500e+004
1.0440000e+003	8.3750000e+004
1.0430000e+003	8.3810000e+004
1.0420000e+003	8.3567500e+004
1.0410000e+003	8.3845000e+004
1.0400000e+003	8.4315000e+004
1.0390000e+003	8.4782500e+004
1.0380000e+003	8.4445000e+004
1.0370000e+003	8.4697500e+004
1.0360000e+003	8.5220000e+004
1.0350000e+003	8.5587500e+004
1.0340000e+003	8.5712500e+004
1.0330000e+003	8.6045000e+004
1.0320000e+003	8.5892500e+004
1.0310000e+003	8.6067500e+004
1.0300000e+003	8.6175000e+004
1.0290000e+003	8.5925000e+004
1.0280000e+003	8.6670000e+004
1.0270000e+003	8.6685000e+004
1.0260000e+003	8.6897500e+004
1.0250000e+003	8.7045000e+004
1.0240000e+003	8.6762500e+004
1.0230000e+003	8.7165000e+004
1.0220000e+003	8.7295000e+004
1.0210000e+003	8.7410000e+004
1.0200000e+003	8.7535000e+004
1.0190000e+003	8.8137500e+004
1.0180000e+003	8.8380000e+004
1.0170000e+003	8.8432500e+004
1.0160000e+003	8.8307500e+004
1.0150000e+003	8.8975000e+004
1.0140000e+003	8.9562500e+004
1.0130000e+003	8.9475000e+004
1.0120000e+003	8.9517500e+004
1.0110000e+003	8.9782500e+004
1.0100000e+003	9.0072500e+004
1.0090000e+003	8.9902500e+004
1.0080000e+003	8.9512500e+004
1.0070000e+003	8.9685000e+004
1.0060000e+003	9.0082500e+004
1.0050000e+003	9.0302500e+004
1.0040000e+003	9.0180000e+004
1.0030000e+003	8.9897500e+004
1.0020000e+003	9.1232500e+004
1.0010000e+003	9.0757500e+004
1.0000000e+003	9.0707500e+004
9.9900000e+002	9.0960000e+004
9.9800000e+002	9.1662500e+004
9.9700000e+002	9.2387500e+004
9.9600000e+002	9.2787500e+004
9.9500000e+002	9.2955000e+004
9.9400000e+002	9.3417500e+004
9.9300000e+002	9.2587500e+004
9.9200000e+002	9.3310000e+004
9.9100000e+002	9.2745000e+004
9.9000000e+002	9.2235000e+004
9.8900000e+002	9.1547500e+004
9.8800000e+002	9.1570000e+004
9.8700000e+002	9.1262500e+004
9.8600000e+002	9.0777500e+004
9.8500000e+002	9.0475000e+004
9.8400000e+002	8.9667500e+004
9.8300000e+002	8.9355000e+004
9.8200000e+002	8.8957500e+004
9.8100000e+002	8.9580000e+004
9.8000000e+002	9.0297500e+004
9.7900000e+002	9.1680000e+004
9.7800000e+002	9.1995000e+004
9.7700000e+002	9.3547500e+004
9.7600000e+002	9.6600000e+004
9.7500000e+002	9.8827500e+004
9.7400000e+002	1.0217500e+005
9.7300000e+002	1.0472300e+005
9.7200000e+002	1.0576000e+005
9.7100000e+002	1.0281000e+005
9.7000000e+002	9.7757500e+004
9.6900000e+002	9.1905000e+004
9.6800000e+002	8.9817500e+004
9.6700000e+002	8.8382500e+004
9.6600000e+002	8.7572500e+004
9.6500000e+002	8.6037500e+004
9.6400000e+002	8.4797500e+004
9.6300000e+002	8.4245000e+004
9.6200000e+002	8.4047500e+004
9.6100000e+002	8.3880000e+004
9.6000000e+002	8.3735000e+004
9.5900000e+002	8.3612500e+004
9.5800000e+002	8.3977500e+004
9.5700000e+002	8.3970000e+004
9.5600000e+002	8.4607500e+004
9.5500000e+002	8.4267500e+004
9.5400000e+002	8.3375000e+004
9.5300000e+002	8.3630000e+004
9.5200000e+002	8.3980000e+004
9.5100000e+002	8.4507500e+004
9.5000000e+002	8.5397500e+004
9.4900000e+002	8.5410000e+004
9.4800000e+002	8.4555000e+004
9.4700000e+002	8.4760000e+004
9.4600000e+002	8.5202500e+004
9.4500000e+002	8.5512500e+004
9.4400000e+002	8.5172500e+004
9.4300000e+002	8.4655000e+004
9.4200000e+002	8.5302500e+004
9.4100000e+002	8.6332500e+004
9.4000000e+002	8.5822500e+004
9.3900000e+002	8.6135000e+004
9.3800000e+002	8.6370000e+004
9.3700000e+002	8.6175000e+004
9.3600000e+002	8.5887500e+004
9.3500000e+002	8.6630000e+004
9.3400000e+002	8.7387500e+004
9.3300000e+002	8.7025000e+004
9.3200000e+002	8.6945000e+004
9.3100000e+002	8.6892500e+004
9.3000000e+002	8.7125000e+004
9.2900000e+002	8.7220000e+004
9.2800000e+002	8.7312500e+004
9.2700000e+002	8.7460000e+004
9.2600000e+002	8.8197500e+004
9.2500000e+002	8.8062500e+004
9.2400000e+002	8.8197500e+004
9.2300000e+002	8.7810000e+004
9.2200000e+002	8.8130000e+004
9.2100000e+002	8.8902500e+004
9.2000000e+002	8.8732500e+004
9.1900000e+002	8.8345000e+004
9.1800000e+002	8.8445000e+004
9.1700000e+002	8.8730000e+004
9.1600000e+002	8.8132500e+004
9.1500000e+002	8.8427500e+004
9.1400000e+002	8.8722500e+004
9.1300000e+002	8.9107500e+004
9.1200000e+002	9.0222500e+004
9.1100000e+002	9.0112500e+004
9.1000000e+002	8.9442500e+004
9.0900000e+002	8.9745000e+004
9.0800000e+002	9.0317500e+004
9.0700000e+002	9.0527500e+004
9.0600000e+002	8.9932500e+004
9.0500000e+002	8.9827500e+004
9.0400000e+002	9.0042500e+004
9.0300000e+002	9.0415000e+004
9.0200000e+002	9.0692500e+004
9.0100000e+002	9.0380000e+004
9.0000000e+002	9.1177500e+004
8.9900000e+002	9.1310000e+004
8.9800000e+002	9.1577500e+004
8.9700000e+002	9.0730000e+004
8.9600000e+002	9.0657500e+004
8.9500000e+002	9.1195000e+004
8.9400000e+002	9.1442500e+004
8.9300000e+002	9.2575000e+004
8.9200000e+002	9.1742500e+004
8.9100000e+002	9.1595000e+004
8.9000000e+002	9.2785000e+004
8.8900000e+002	9.2167500e+004
8.8800000e+002	9.2740000e+004
8.8700000e+002	9.1695000e+004
8.8600000e+002	9.1535000e+004
8.8500000e+002	9.2452500e+004
8.8400000e+002	9.2895000e+004
8.8300000e+002	9.3385000e+004
8.8200000e+002	9.2800000e+004
8.8100000e+002	9.2367500e+004
8.8000000e+002	9.2272500e+004
8.7900000e+002	9.2972500e+004
8.7800000e+002	9.3205000e+004
8.7700000e+002	9.3087500e+004
8.7600000e+002	9.3085000e+004
8.7500000e+002	9.4165000e+004
8.7400000e+002	9.3720000e+004
8.7300000e+002	9.3400000e+004
8.7200000e+002	9.3867500e+004
8.7100000e+002	9.4090000e+004
8.7000000e+002	9.3455000e+004
8.6900000e+002	9.3765000e+004
8.6800000e+002	9.4422500e+004
8.6700000e+002	9.4272500e+004
8.6600000e+002	9.3867500e+004
8.6500000e+002	9.4395000e+004
8.6400000e+002	9.4572500e+004
8.6300000e+002	9.4667500e+004
8.6200000e+002	9.4467500e+004
8.6100000e+002	9.4757500e+004
8.6000000e+002	9.4965000e+004
8.5900000e+002	9.5470000e+004
8.5800000e+002	9.5190000e+004
8.5700000e+002	9.5820000e+004
8.5600000e+002	9.5780000e+004
8.5500000e+002	9.5230000e+004
8.5400000e+002	9.5000000e+004
8.5300000e+002	9.4722500e+004
8.5200000e+002	9.5670000e+004
8.5100000e+002	9.6205000e+004
8.5000000e+002	9.5792500e+004
8.4900000e+002	9.6745000e+004
8.4800000e+002	9.6380000e+004
8.4700000e+002	9.5470000e+004
8.4600000e+002	9.5905000e+004
8.4500000e+002	9.6802500e+004
8.4400000e+002	9.6810000e+004
8.4300000e+002	9.5980000e+004
8.4200000e+002	9.6447500e+004
8.4100000e+002	9.6140000e+004
8.4000000e+002	9.7362500e+004
8.3900000e+002	9.7250000e+004
8.3800000e+002	9.6465000e+004
8.3700000e+002	9.6577500e+004
8.3600000e+002	9.6515000e+004
8.3500000e+002	9.6902500e+004
8.3400000e+002	9.7052500e+004
8.3300000e+002	9.7467500e+004
8.3200000e+002	9.6530000e+004
8.3100000e+002	9.7125000e+004
8.3000000e+002	9.7215000e+004
8.2900000e+002	9.7702500e+004
8.2800000e+002	9.7367500e+004
8.2700000e+002	9.8122500e+004
8.2600000e+002	9.8397500e+004
8.2500000e+002	9.7607500e+004
8.2400000e+002	9.7115000e+004
8.2300000e+002	9.8260000e+004
8.2200000e+002	9.7980000e+004
8.2100000e+002	9.7517500e+004
8.2000000e+002	9.7647500e+004
8.1900000e+002	9.7052500e+004
8.1800000e+002	9.6167500e+004
8.1700000e+002	9.6525000e+004
8.1600000e+002	9.6285000e+004
8.1500000e+002	9.6965000e+004
8.1400000e+002	9.6317500e+004
8.1300000e+002	9.6002500e+004
8.1200000e+002	9.6472500e+004
8.1100000e+002	9.7262500e+004
8.1000000e+002	9.7225000e+004
8.0900000e+002	9.6770000e+004
8.0800000e+002	9.6250000e+004
8.0700000e+002	9.6615000e+004
8.0600000e+002	9.6757500e+004
8.0500000e+002	9.7572500e+004
8.0400000e+002	9.7970000e+004
8.0300000e+002	9.7405000e+004
8.0200000e+002	9.6735000e+004
8.0100000e+002	9.7537500e+004
8.0000000e+002	9.7172500e+004
7.9900000e+002	9.6880000e+004
7.9800000e+002	9.7520000e+004
7.9700000e+002	9.7212500e+004
7.9600000e+002	9.7620000e+004
7.9500000e+002	9.7607500e+004
7.9400000e+002	9.7475000e+004
7.9300000e+002	9.7320000e+004
7.9200000e+002	9.7680000e+004
7.9100000e+002	9.7665000e+004
7.9000000e+002	9.8310000e+004
7.8900000e+002	9.8192500e+004
7.8800000e+002	9.7635000e+004
7.8700000e+002	9.8022500e+004
7.8600000e+002	9.8550000e+004
7.8500000e+002	9.8615000e+004
7.8400000e+002	9.8545000e+004
7.8300000e+002	9.9242500e+004
7.8200000e+002	9.9015000e+004
7.8100000e+002	9.9197500e+004
7.8000000e+002	9.8632500e+004
7.7900000e+002	9.9417500e+004
7.7800000e+002	9.9220000e+004
7.7700000e+002	1.0020300e+005
7.7600000e+002	9.9952500e+004
7.7500000e+002	9.9915000e+004
7.7400000e+002	9.9755000e+004
7.7300000e+002	9.9747500e+004
7.7200000e+002	1.0028800e+005
7.7100000e+002	9.9655000e+004
7.7000000e+002	9.9720000e+004
7.6900000e+002	1.0006300e+005
7.6800000e+002	1.0054800e+005
7.6700000e+002	9.9907500e+004
7.6600000e+002	9.9642500e+004
7.6500000e+002	1.0082000e+005
7.6400000e+002	1.0112800e+005
7.6300000e+002	1.0064800e+005
7.6200000e+002	1.0056300e+005
7.6100000e+002	1.0004500e+005
7.6000000e+002	1.0027300e+005
7.5900000e+002	1.0066300e+005
7.5800000e+002	1.0110500e+005
7.5700000e+002	1.0042800e+005
7.5600000e+002	1.0119300e+005
7.5500000e+002	1.0079000e+005
7.5400000e+002	1.0048000e+005
7.5300000e+002	1.0058000e+005
7.5200000e+002	9.9995000e+004
7.5100000e+002	1.0018800e+005
7.5000000e+002	1.0013300e+005
7.4900000e+002	1.0043300e+005
7.4800000e+002	1.0037000e+005
7.4700000e+002	1.0065000e+005
7.4600000e+002	9.9955000e+004
7.4500000e+002	1.0040000e+005
7.4400000e+002	1.0077500e+005
7.4300000e+002	1.0001800e+005
7.4200000e+002	1.0005300e+005
7.4100000e+002	9.9452500e+004
7.4000000e+002	9.9440000e+004
7.3900000e+002	9.9702500e+004
7.3800000e+002	9.9595000e+004
7.3700000e+002	9.9655000e+004
7.3600000e+002	1.0008300e+005
7.3500000e+002	9.9727500e+004
7.3400000e+002	9.9407500e+004
7.3300000e+002	9.9552500e+004
7.3200000e+002	9.9915000e+004
7.3100000e+002	9.9662500e+004
7.3000000e+002	9.9215000e+004
7.2900000e+002	9.9772500e+004
7.2800000e+002	9.9920000e+004
7.2700000e+002	9.9575000e+004
7.2600000e+002	9.9530000e+004
7.2500000e+002	1.0055300e+005
7.2400000e+002	9.9947500e+004
7.2300000e+002	9.9960000e+004
7.2200000e+002	9.9445000e+004
7.2100000e+002	9.9020000e+004
7.2000000e+002	9.9522500e+004
7.1900000e+002	9.9467500e+004
7.1800000e+002	9.9190000e+004
7.1700000e+002	9.9447500e+004
7.1600000e+002	9.8877500e+004
7.1500000e+002	9.8910000e+004
7.1400000e+002	9.8580000e+004
7.1300000e+002	9.7625000e+004
7.1200000e+002	9.7470000e+004
7.1100000e+002	9.7367500e+004
7.1000000e+002	9.7187500e+004
7.0900000e+002	9.5960000e+004
7.0800000e+002	9.6150000e+004
7.0700000e+002	9.5585000e+004
7.0600000e+002	9.5357500e+004
7.0500000e+002	9.5050000e+004
7.0400000e+002	9.5125000e+004
7.0300000e+002	9.4400000e+004
7.0200000e+002	9.4515000e+004
7.0100000e+002	9.4785000e+004
7.0000000e+002	9.4757500e+004
6.9900000e+002	9.5540000e+004
6.9800000e+002	9.5082500e+004
6.9700000e+002	9.5722500e+004
6.9600000e+002	9.5137500e+004
6.9500000e+002	9.4905000e+004
6.9400000e+002	9.4917500e+004
6.9300000e+002	9.5630000e+004
6.9200000e+002	9.4617500e+004
6.9100000e+002	9.5547500e+004
6.9000000e+002	9.5530000e+004
6.8900000e+002	9.5120000e+004
6.8800000e+002	9.4112500e+004
6.8700000e+002	9.4737500e+004
6.8600000e+002	9.4272500e+004
6.8500000e+002	9.4355000e+004
6.8400000e+002	9.4630000e+004
6.8300000e+002	9.5970000e+004
6.8200000e+002	9.5760000e+004
6.8100000e+002	9.5102500e+004
6.8000000e+002	9.4700000e+004
6.7900000e+002	9.4272500e+004
6.7800000e+002	9.4357500e+004
6.7700000e+002	9.5420000e+004
6.7600000e+002	9.5510000e+004
6.7500000e+002	9.4837500e+004
6.7400000e+002	9.4440000e+004
6.7300000e+002	9.5175000e+004
6.7200000e+002	9.5440000e+004
6.7100000e+002	9.5532500e+004
6.7000000e+002	9.5477500e+004
6.6900000e+002	9.6247500e+004
6.6800000e+002	9.6027500e+004
6.6700000e+002	9.6440000e+004
6.6600000e+002	9.6297500e+004
6.6500000e+002	9.6125000e+004
6.6400000e+002	9.6385000e+004
6.6300000e+002	9.7577500e+004
6.6200000e+002	9.6785000e+004
6.6100000e+002	9.6837500e+004
6.6000000e+002	9.6440000e+004
6.5900000e+002	9.6405000e+004
6.5800000e+002	9.8117500e+004
6.5700000e+002	9.6675000e+004
6.5600000e+002	9.7177500e+004
6.5500000e+002	9.7947500e+004
6.5400000e+002	9.7057500e+004
6.5300000e+002	9.7397500e+004
6.5200000e+002	9.7972500e+004
6.5100000e+002	9.8230000e+004
6.5000000e+002	9.8412500e+004
6.4900000e+002	9.8400000e+004
6.4800000e+002	9.8687500e+004
6.4700000e+002	9.8327500e+004
6.4600000e+002	9.8977500e+004
6.4500000e+002	9.8772500e+004
6.4400000e+002	9.8717500e+004
6.4300000e+002	9.9365000e+004
6.4200000e+002	9.9757500e+004
6.4100000e+002	1.0017300e+005
6.4000000e+002	1.0048800e+005
6.3900000e+002	9.9877500e+004
6.3800000e+002	9.9542500e+004
6.3700000e+002	1.0001000e+005
6.3600000e+002	1.0019500e+005
6.3500000e+002	1.0065800e+005
6.3400000e+002	1.0066800e+005
6.3300000e+002	1.0035800e+005
6.3200000e+002	1.0081800e+005
6.3100000e+002	1.0197000e+005
6.3000000e+002	1.0169500e+005
6.2900000e+002	1.0061800e+005
6.2800000e+002	1.0097500e+005
6.2700000e+002	1.0193500e+005
6.2600000e+002	1.0214500e+005
6.2500000e+002	1.0256500e+005
6.2400000e+002	1.0209000e+005
6.2300000e+002	1.0154800e+005
6.2200000e+002	1.0066000e+005
6.2100000e+002	1.0108000e+005
6.2000000e+002	1.0186300e+005
6.1900000e+002	1.0233000e+005
6.1800000e+002	1.0176300e+005
6.1700000e+002	1.0223500e+005
6.1600000e+002	1.0285500e+005
6.1500000e+002	1.0280500e+005
6.1400000e+002	1.0275000e+005
6.1300000e+002	1.0180500e+005
6.1200000e+002	1.0088500e+005
6.1100000e+002	1.0089800e+005
6.1000000e+002	1.0051500e+005
6.0900000e+002	1.0015300e+005
6.0800000e+002	9.9205000e+004
6.0700000e+002	1.0010300e+005
6.0600000e+002	9.9857500e+004
6.0500000e+002	9.8840000e+004
6.0400000e+002	9.9350000e+004
6.0300000e+002	9.9375000e+004
6.0200000e+002	9.9635000e+004
6.0100000e+002	1.0003500e+005
6.0000000e+002	1.0003500e+005
5.9900000e+002	9.8890000e+004
5.9800000e+002	1.0012800e+005
5.9700000e+002	9.9580000e+004
5.9600000e+002	1.0086000e+005
5.9500000e+002	1.0036800e+005
5.9400000e+002	1.0065000e+005
5.9300000e+002	1.0070300e+005
5.9200000e+002	9.8842500e+004
5.9100000e+002	9.8072500e+004
5.9000000e+002	9.7672500e+004
5.8900000e+002	9.5767500e+004
5.8800000e+002	9.4352500e+004
5.8700000e+002	9.3472500e+004
5.8600000e+002	9.2507500e+004
5.8500000e+002	9.0805000e+004
5.8400000e+002	8.8767500e+004
5.8300000e+002	8.6360000e+004
5.8200000e+002	8.4910000e+004
5.8100000e+002	8.2890000e+004
5.8000000e+002	8.1522500e+004
5.7900000e+002	8.0247500e+004
5.7800000e+002	7.9177500e+004
5.7700000e+002	7.9310000e+004
5.7600000e+002	7.9040000e+004
5.7500000e+002	7.9387500e+004
5.7400000e+002	7.9070000e+004
5.7300000e+002	7.9655000e+004
5.7200000e+002	7.9292500e+004
5.7100000e+002	7.8850000e+004
5.7000000e+002	7.8637500e+004
5.6900000e+002	7.8540000e+004
5.6800000e+002	7.8577500e+004
5.6700000e+002	7.8475000e+004
5.6600000e+002	7.7570000e+004
5.6500000e+002	7.7005000e+004
5.6400000e+002	7.6317500e+004
5.6300000e+002	7.5915000e+004
5.6200000e+002	7.5290000e+004
5.6100000e+002	7.4837500e+004
5.6000000e+002	7.3395000e+004
5.5900000e+002	7.3312500e+004
5.5800000e+002	7.2360000e+004
5.5700000e+002	7.1632500e+004
5.5600000e+002	7.1415000e+004
5.5500000e+002	7.1600000e+004
5.5400000e+002	7.1647500e+004
5.5300000e+002	7.1212500e+004
5.5200000e+002	7.1300000e+004
5.5100000e+002	7.1270000e+004
5.5000000e+002	7.1212500e+004
5.4900000e+002	7.1390000e+004
5.4800000e+002	7.1860000e+004
5.4700000e+002	7.2672500e+004
5.4600000e+002	7.2925000e+004
5.4500000e+002	7.1335000e+004
5.4400000e+002	7.0495000e+004
5.4300000e+002	7.0295000e+004
5.4200000e+002	6.9645000e+004
5.4100000e+002	6.8772500e+004
5.4000000e+002	6.6605000e+004
5.3900000e+002	6.4580000e+004
5.3800000e+002	6.2710000e+004
5.3700000e+002	6.2120000e+004
5.3600000e+002	6.1832500e+004
5.3500000e+002	6.1337500e+004
5.3400000e+002	5.9592500e+004
5.3300000e+002	6.1677500e+004
5.3200000e+002	6.7850000e+004
5.3100000e+002	7.7162500e+004
5.3000000e+002	8.7350000e+004
5.2900000e+002	9.6360000e+004
5.2800000e+002	1.1659300e+005
5.2700000e+002	1.3692300e+005
5.2600000e+002	1.1748000e+005
5.2500000e+002	7.8437500e+004
5.2400000e+002	6.1012500e+004
5.2300000e+002	5.8792500e+004
5.2200000e+002	5.8147500e+004
5.2100000e+002	5.7957500e+004
5.2000000e+002	5.8655000e+004
5.1900000e+002	5.8650000e+004
5.1800000e+002	5.8180000e+004
5.1700000e+002	5.8487500e+004
5.1600000e+002	5.8605000e+004
5.1500000e+002	5.8200000e+004
5.1400000e+002	5.8980000e+004
5.1300000e+002	5.9020000e+004
5.1200000e+002	6.0150000e+004
5.1100000e+002	6.0750000e+004
5.1000000e+002	6.0455000e+004
5.0900000e+002	6.1212500e+004
5.0800000e+002	6.0085000e+004
5.0700000e+002	5.9517500e+004
5.0600000e+002	5.8582500e+004
5.0500000e+002	5.8817500e+004
5.0400000e+002	5.8370000e+004
5.0300000e+002	5.8482500e+004
5.0200000e+002	5.9487500e+004
5.0100000e+002	6.1072500e+004
5.0000000e+002	6.3250000e+004
4.9900000e+002	6.5790000e+004
4.9800000e+002	6.8217500e+004
4.9700000e+002	6.7590000e+004
4.9600000e+002	6.5232500e+004
4.9500000e+002	6.2162500e+004
4.9400000e+002	6.0535000e+004
4.9300000e+002	5.9352500e+004
4.9200000e+002	5.8852500e+004
4.9100000e+002	5.8277500e+004
4.9000000e+002	5.8147500e+004
4.8900000e+002	5.7892500e+004
4.8800000e+002	5.7540000e+004
4.8700000e+002	5.7100000e+004
4.8600000e+002	5.6125000e+004
4.8500000e+002	5.6005000e+004
4.8400000e+002	5.6342500e+004
4.8300000e+002	5.7055000e+004
4.8200000e+002	5.6705000e+004
4.8100000e+002	5.5765000e+004
4.8000000e+002	5.5712500e+004
4.7900000e+002	5.5432500e+004
4.7800000e+002	5.5720000e+004
4.7700000e+002	5.6565000e+004
4.7600000e+002	5.6537500e+004
4.7500000e+002	5.6240000e+004
4.7400000e+002	5.6665000e+004
4.7300000e+002	5.7077500e+004
4.7200000e+002	5.7525000e+004
4.7100000e+002	5.6945000e+004
4.7000000e+002	5.7957500e+004
4.6900000e+002	5.8677500e+004
4.6800000e+002	5.9272500e+004
4.6700000e+002	5.9002500e+004
4.6600000e+002	5.8967500e+004
4.6500000e+002	5.8850000e+004
4.6400000e+002	5.8892500e+004
4.6300000e+002	5.8605000e+004
4.6200000e+002	5.8992500e+004
4.6100000e+002	5.8672500e+004
4.6000000e+002	5.8157500e+004
4.5900000e+002	5.8160000e+004
4.5800000e+002	5.7540000e+004
4.5700000e+002	5.7360000e+004
4.5600000e+002	5.8327500e+004
4.5500000e+002	5.7820000e+004
4.5400000e+002	5.8260000e+004
4.5300000e+002	5.7962500e+004
4.5200000e+002	5.7710000e+004
4.5100000e+002	5.6375000e+004
4.5000000e+002	5.5477500e+004
4.4900000e+002	5.3960000e+004
4.4800000e+002	5.2285000e+004
4.4700000e+002	5.1195000e+004
4.4600000e+002	5.0327500e+004
4.4500000e+002	4.9450000e+004
4.4400000e+002	4.8772500e+004
4.4300000e+002	4.8225000e+004
4.4200000e+002	4.7347500e+004
4.4100000e+002	4.6220000e+004
4.4000000e+002	4.6207500e+004
4.3900000e+002	4.5772500e+004
4.3800000e+002	4.5332500e+004
4.3700000e+002	4.4885000e+004
4.3600000e+002	4.4590000e+004
4.3500000e+002	4.4315000e+004
4.3400000e+002	4.4530000e+004
4.3300000e+002	4.4525000e+004
4.3200000e+002	4.4285000e+004
4.3100000e+002	4.4400000e+004
4.3000000e+002	4.4055000e+004
4.2900000e+002	4.4405000e+004
4.2800000e+002	4.4265000e+004
4.2700000e+002	4.4055000e+004
4.2600000e+002	4.3795000e+004
4.2500000e+002	4.3300000e+004
4.2400000e+002	4.3372500e+004
4.2300000e+002	4.2977500e+004
4.2200000e+002	4.2545000e+004
4.2100000e+002	4.1827500e+004
4.2000000e+002	4.1437500e+004
4.1900000e+002	4.1565000e+004
4.1800000e+002	4.1510000e+004
4.1700000e+002	4.1172500e+004
4.1600000e+002	4.1585000e+004
4.1500000e+002	4.2147500e+004
4.1400000e+002	4.1935000e+004
4.1300000e+002	4.1625000e+004
4.1200000e+002	4.1027500e+004
4.1100000e+002	4.2067500e+004
4.1000000e+002	4.1555000e+004
4.0900000e+002	3.8935000e+004
4.0800000e+002	3.5710000e+004
4.0700000e+002	3.4145000e+004
4.0600000e+002	3.4652500e+004
4.0500000e+002	3.9330000e+004
4.0400000e+002	4.7235000e+004
4.0300000e+002	5.1522500e+004
4.0200000e+002	4.7100000e+004
4.0100000e+002	4.2062500e+004
4.0000000e+002	5.3050000e+004
3.9900000e+002	7.1917500e+004
3.9800000e+002	6.8475000e+004
3.9700000e+002	4.6905000e+004
3.9600000e+002	3.2097500e+004
3.9500000e+002	2.9190000e+004
3.9400000e+002	2.8435000e+004
3.9300000e+002	2.8285000e+004
3.9200000e+002	2.8990000e+004
3.9100000e+002	2.8865000e+004
3.9000000e+002	2.8275000e+004
3.8900000e+002	2.8617500e+004
3.8800000e+002	2.8857500e+004
3.8700000e+002	2.9085000e+004
3.8600000e+002	3.0200000e+004
3.8500000e+002	2.9960000e+004
3.8400000e+002	2.9755000e+004
3.8300000e+002	2.9937500e+004
3.8200000e+002	3.0080000e+004
3.8100000e+002	2.9262500e+004
3.8000000e+002	2.9030000e+004
3.7900000e+002	2.9770000e+004
3.7800000e+002	3.0367500e+004
3.7700000e+002	3.0587500e+004
3.7600000e+002	3.0867500e+004
3.7500000e+002	3.0475000e+004
3.7400000e+002	3.0290000e+004
3.7300000e+002	2.9552500e+004
3.7200000e+002	2.8717500e+004
3.7100000e+002	2.8292500e+004
3.7000000e+002	2.8112500e+004
3.6900000e+002	2.8305000e+004
3.6800000e+002	2.8207500e+004
3.6700000e+002	2.8152500e+004
3.6600000e+002	2.7887500e+004
3.6500000e+002	2.8327500e+004
3.6400000e+002	2.7930000e+004
3.6300000e+002	2.8022500e+004
3.6200000e+002	2.7780000e+004
3.6100000e+002	2.7867500e+004
3.6000000e+002	2.8225000e+004
3.5900000e+002	2.8290000e+004
3.5800000e+002	2.8130000e+004
3.5700000e+002	2.8135000e+004
3.5600000e+002	2.8400000e+004
3.5500000e+002	2.8535000e+004
3.5400000e+002	2.8632500e+004
3.5300000e+002	2.8617500e+004
3.5200000e+002	2.8092500e+004
3.5100000e+002	2.8347500e+004
3.5000000e+002	2.8255000e+004
3.4900000e+002	2.8540000e+004
3.4800000e+002	2.8340000e+004
3.4700000e+002	2.9050000e+004
3.4600000e+002	2.8230000e+004
3.4500000e+002	2.8887500e+004
3.4400000e+002	2.8887500e+004
3.4300000e+002	2.8677500e+004
3.4200000e+002	2.8452500e+004
3.4100000e+002	2.8695000e+004
3.4000000e+002	2.8745000e+004
3.3900000e+002	2.8620000e+004
3.3800000e+002	2.9002500e+004
3.3700000e+002	2.8970000e+004
3.3600000e+002	2.8560000e+004
3.3500000e+002	2.8852500e+004
3.3400000e+002	2.9085000e+004
3.3300000e+002	2.9422500e+004
3.3200000e+002	2.9337500e+004
3.3100000e+002	2.9412500e+004
3.3000000e+002	2.9650000e+004
3.2900000e+002	2.9537500e+004
3.2800000e+002	2.9422500e+004
3.2700000e+002	2.9780000e+004
3.2600000e+002	2.9497500e+004
3.2500000e+002	2.9277500e+004
3.2400000e+002	2.9842500e+004
3.2300000e+002	2.9667500e+004
3.2200000e+002	2.9595000e+004
3.2100000e+002	2.9370000e+004
3.2000000e+002	2.9490000e+004
3.1900000e+002	2.9412500e+004
3.1800000e+002	2.9207500e+004
3.1700000e+002	3.0040000e+004
3.1600000e+002	3.0560000e+004
3.1500000e+002	3.0945000e+004
3.1400000e+002	3.1042500e+004
3.1300000e+002	3.1677500e+004
3.1200000e+002	3.2400000e+004
3.1100000e+002	3.2292500e+004
3.1000000e+002	3.2225000e+004
3.0900000e+002	3.1857500e+004
3.0800000e+002	3.1370000e+004
3.0700000e+002	3.0712500e+004
3.0600000e+002	3.0315000e+004
3.0500000e+002	2.9877500e+004
3.0400000e+002	2.9590000e+004
3.0300000e+002	2.9137500e+004
3.0200000e+002	2.8555000e+004
3.0100000e+002	2.8050000e+004
3.0000000e+002	2.7882500e+004
2.9900000e+002	2.6820000e+004
2.9800000e+002	2.6565000e+004
2.9700000e+002	2.6477500e+004
2.9600000e+002	2.6332500e+004
2.9500000e+002	2.6405000e+004
2.9400000e+002	2.6405000e+004
2.9300000e+002	2.6705000e+004
2.9200000e+002	2.6635000e+004
2.9100000e+002	2.6335000e+004
2.9000000e+002	2.6365000e+004
2.8900000e+002	2.6625000e+004
2.8800000e+002	2.6765000e+004
2.8700000e+002	2.8165000e+004
2.8600000e+002	3.0300000e+004
2.8500000e+002	3.3727500e+004
2.8400000e+002	3.9270000e+004
2.8300000e+002	4.2557500e+004
2.8200000e+002	3.9120000e+004
2.8100000e+002	2.9822500e+004
2.8000000e+002	2.4682500e+004
2.7900000e+002	2.3552500e+004
2.7800000e+002	2.3290000e+004
2.7700000e+002	2.2715000e+004
2.7600000e+002	2.2967500e+004
2.7500000e+002	2.2777500e+004
2.7400000e+002	2.3555000e+004
2.7300000e+002	2.4210000e+004
2.7200000e+002	2.5845000e+004
2.7100000e+002	2.7477500e+004
2.7000000e+002	2.9037500e+004
2.6900000e+002	2.9500000e+004
2.6800000e+002	2.9602500e+004
2.6700000e+002	2.8062500e+004
2.6600000e+002	2.5825000e+004
2.6500000e+002	2.2890000e+004
2.6400000e+002	2.0900000e+004
2.6300000e+002	1.9720000e+004
2.6200000e+002	1.9020000e+004
2.6100000e+002	1.8867500e+004
2.6000000e+002	1.8560000e+004
2.5900000e+002	1.8270000e+004
2.5800000e+002	1.8062500e+004
2.5700000e+002	1.8297500e+004
2.5600000e+002	1.8020000e+004
2.5500000e+002	1.7917500e+004
2.5400000e+002	1.7807500e+004
2.5300000e+002	1.8222500e+004
2.5200000e+002	1.8140000e+004
2.5100000e+002	1.7997500e+004
2.5000000e+002	1.8092500e+004
2.4900000e+002	1.8035000e+004
2.4800000e+002	1.8422500e+004
2.4700000e+002	1.7732500e+004
2.4600000e+002	1.8127500e+004
2.4500000e+002	1.8455000e+004
2.4400000e+002	1.8407500e+004
2.4300000e+002	1.8055000e+004
2.4200000e+002	1.8175000e+004
2.4100000e+002	1.8570000e+004
2.4000000e+002	1.8272500e+004
2.3900000e+002	1.8322500e+004
2.3800000e+002	1.8110000e+004
2.3700000e+002	1.7755000e+004
2.3600000e+002	1.8405000e+004
2.3500000e+002	1.8082500e+004
2.3400000e+002	1.8380000e+004
2.3300000e+002	1.8585000e+004
2.3200000e+002	1.8397500e+004
2.3100000e+002	1.8775000e+004
2.3000000e+002	1.8427500e+004
2.2900000e+002	1.8547500e+004
2.2800000e+002	1.8830000e+004
2.2700000e+002	1.8735000e+004
2.2600000e+002	1.8835000e+004
2.2500000e+002	1.8662500e+004
2.2400000e+002	1.8857500e+004
2.2300000e+002	1.8872500e+004
2.2200000e+002	1.8670000e+004
2.2100000e+002	1.8715000e+004
2.2000000e+002	1.9005000e+004
2.1900000e+002	1.8585000e+004
2.1800000e+002	1.8802500e+004
2.1700000e+002	1.9282500e+004
2.1600000e+002	1.9112500e+004
2.1500000e+002	1.9107500e+004
2.1400000e+002	1.9010000e+004
2.1300000e+002	1.9272500e+004
2.1200000e+002	1.9292500e+004
2.1100000e+002	1.9002500e+004
2.1000000e+002	1.9567500e+004
2.0900000e+002	1.9630000e+004
2.0800000e+002	1.9687500e+004
2.0700000e+002	1.9465000e+004
2.0600000e+002	1.9192500e+004
2.0500000e+002	1.9112500e+004
2.0400000e+002	1.9127500e+004
2.0300000e+002	1.9567500e+004
2.0200000e+002	1.9487500e+004
2.0100000e+002	1.9607500e+004
2.0000000e+002	1.9420000e+004
1.9900000e+002	1.9527500e+004
1.9800000e+002	1.9057500e+004
1.9700000e+002	1.9547500e+004
1.9600000e+002	1.9922500e+004
1.9500000e+002	1.9592500e+004
1.9400000e+002	1.9615000e+004
1.9300000e+002	1.9480000e+004
1.9200000e+002	1.9762500e+004
1.9100000e+002	2.0097500e+004
1.9000000e+002	1.9757500e+004
1.8900000e+002	2.0227500e+004
1.8800000e+002	2.0697500e+004
1.8700000e+002	2.0252500e+004
1.8600000e+002	2.0852500e+004
1.8500000e+002	2.1027500e+004
1.8400000e+002	2.0630000e+004
1.8300000e+002	2.1097500e+004
1.8200000e+002	2.1167500e+004
1.8100000e+002	2.0642500e+004
1.8000000e+002	2.0740000e+004
1.7900000e+002	1.9980000e+004
1.7800000e+002	1.9905000e+004
1.7700000e+002	1.9805000e+004
1.7600000e+002	1.9830000e+004
1.7500000e+002	1.9670000e+004
1.7400000e+002	1.9542500e+004
1.7300000e+002	1.9840000e+004
1.7200000e+002	2.0225000e+004
1.7100000e+002	2.1395000e+004
1.7000000e+002	2.2837500e+004
1.6900000e+002	2.3952500e+004
1.6800000e+002	2.4420000e+004
1.6700000e+002	2.4402500e+004
1.6600000e+002	2.3400000e+004
1.6500000e+002	2.1827500e+004
1.6400000e+002	2.0705000e+004
1.6300000e+002	1.9935000e+004
1.6200000e+002	1.8885000e+004
1.6100000e+002	1.8675000e+004
1.6000000e+002	1.8307500e+004
1.5900000e+002	1.7730000e+004
1.5800000e+002	1.7577500e+004
1.5700000e+002	1.7572500e+004
1.5600000e+002	1.7362500e+004
1.5500000e+002	1.7135000e+004
1.5400000e+002	1.7280000e+004
1.5300000e+002	1.6995000e+004
1.5200000e+002	1.7162500e+004
1.5100000e+002	1.6460000e+004
1.5000000e+002	1.5637500e+004
1.4900000e+002	1.5587500e+004
1.4800000e+002	1.6940000e+004
1.4700000e+002	2.0092500e+004
1.4600000e+002	2.3745000e+004
1.4500000e+002	2.6995000e+004
1.4400000e+002	2.7695000e+004
1.4300000e+002	2.8225000e+004
1.4200000e+002	3.1827500e+004
1.4100000e+002	3.7910000e+004
1.4000000e+002	4.3230000e+004
1.3900000e+002	4.4050000e+004
1.3800000e+002	3.7552500e+004
1.3700000e+002	2.3827500e+004
1.3600000e+002	1.2132500e+004
1.3500000e+002	7.1675000e+003
1.3400000e+002	6.2200000e+003
1.3300000e+002	6.1025000e+003
1.3200000e+002	6.3050000e+003
1.3100000e+002	6.3750000e+003
1.3000000e+002	6.1525000e+003
1.2900000e+002	5.9775000e+003
1.2800000e+002	5.8025000e+003
1.2700000e+002	5.6725000e+003
1.2600000e+002	5.8575000e+003
1.2500000e+002	6.0475000e+003
1.2400000e+002	5.8900000e+003
1.2300000e+002	5.8775000e+003
1.2200000e+002	5.8725000e+003
1.2100000e+002	5.8575000e+003
1.2000000e+002	6.0550000e+003
1.1900000e+002	6.0800000e+003
1.1800000e+002	5.9275000e+003
1.1700000e+002	5.9625000e+003
1.1600000e+002	5.9600000e+003
1.1500000e+002	5.9725000e+003
1.1400000e+002	5.9250000e+003
1.1300000e+002	6.0650000e+003
1.1200000e+002	6.0650000e+003
1.1100000e+002	5.9650000e+003
1.1000000e+002	5.8800000e+003
1.0900000e+002	6.1525000e+003
1.0800000e+002	6.1325000e+003
1.0700000e+002	5.9775000e+003
1.0600000e+002	6.0725000e+003
1.0500000e+002	6.0050000e+003
1.0400000e+002	5.9850000e+003
1.0300000e+002	6.1325000e+003
1.0200000e+002	6.3425000e+003
1.0100000e+002	6.5150000e+003
1.0000000e+002	6.9325000e+003
9.9000000e+001	6.7225000e+003
9.8000000e+001	6.2400000e+003
9.7000000e+001	6.1475000e+003
9.6000000e+001	6.0675000e+003
9.5000000e+001	6.2375000e+003
9.4000000e+001	6.2725000e+003
9.3000000e+001	6.2425000e+003
9.2000000e+001	6.0875000e+003
9.1000000e+001	6.3075000e+003
9.0000000e+001	6.3000000e+003
8.9000000e+001	6.2050000e+003
8.8000000e+001	6.4675000e+003
8.7000000e+001	6.2550000e+003
8.6000000e+001	6.3075000e+003
8.5000000e+001	6.2900000e+003
8.4000000e+001	6.3400000e+003
8.3000000e+001	6.1375000e+003
8.2000000e+001	6.2450000e+003
8.1000000e+001	6.4300000e+003
8.0000000e+001	6.1625000e+003
7.9000000e+001	6.2825000e+003
7.8000000e+001	6.3300000e+003
7.7000000e+001	6.4600000e+003
7.6000000e+001	6.5075000e+003
7.5000000e+001	6.3850000e+003
7.4000000e+001	6.4600000e+003
7.3000000e+001	6.4950000e+003
7.2000000e+001	6.5125000e+003
7.1000000e+001	6.4725000e+003
7.0000000e+001	6.5925000e+003
6.9000000e+001	6.5925000e+003
6.8000000e+001	6.4400000e+003
6.7000000e+001	6.4475000e+003
6.6000000e+001	6.6600000e+003
6.5000000e+001	6.6550000e+003
6.4000000e+001	6.7975000e+003
6.3000000e+001	6.8725000e+003
6.2000000e+001	6.6775000e+003
6.1000000e+001	6.5100000e+003
6.0000000e+001	6.5175000e+003
5.9000000e+001	6.4100000e+003
5.8000000e+001	6.1875000e+003
5.7000000e+001	6.0650000e+003
5.6000000e+001	6.2625000e+003
5.5000000e+001	6.2875000e+003
5.4000000e+001	6.3475000e+003
5.3000000e+001	6.5175000e+003
5.2000000e+001	7.3925000e+003
5.1000000e+001	8.3975000e+003
5.0000000e+001	8.9200000e+003
4.9000000e+001	8.3875000e+003
4.8000000e+001	7.2325000e+003
4.7000000e+001	6.8975000e+003
4.6000000e+001	6.6950000e+003
4.5000000e+001	6.7425000e+003
4.4000000e+001	6.6575000e+003
4.3000000e+001	6.8600000e+003
4.2000000e+001	7.1650000e+003
4.1000000e+001	7.2175000e+003
4.0000000e+001	6.6500000e+003
3.9000000e+001	6.0125000e+003
3.8000000e+001	5.4300000e+003
3.7000000e+001	5.1175000e+003
3.6000000e+001	4.8675000e+003
3.5000000e+001	4.8450000e+003
3.4000000e+001	4.7700000e+003
3.3000000e+001	4.8725000e+003
3.2000000e+001	4.9125000e+003
3.1000000e+001	5.5475000e+003
3.0000000e+001	7.3925000e+003
2.9000000e+001	1.0257500e+004
2.8000000e+001	1.0835000e+004
2.7000000e+001	8.4525000e+003
2.6000000e+001	6.6400000e+003
2.5000000e+001	6.2100000e+003
2.4000000e+001	6.2025000e+003
2.3000000e+001	6.1475000e+003
2.2000000e+001	6.7150000e+003
2.1000000e+001	8.0850000e+003
2.0000000e+001	9.1450000e+003
1.9000000e+001	9.2875000e+003
1.8000000e+001	8.7400000e+003
1.7000000e+001	7.1175000e+003
1.6000000e+001	5.2325000e+003
1.5000000e+001	3.4325000e+003
1.4000000e+001	2.0425000e+003
1.3000000e+001	1.4425000e+003
1.2000000e+001	1.1700000e+003
1.1000000e+001	1.1700000e+003
1.0000000e+001	1.7600000e+003
9.0000000e+000	3.2375000e+003
8.0000000e+000	5.9600000e+003
7.0000000e+000	1.0327500e+004
6.0000000e+000	1.4215000e+004
5.0000000e+000	1.3045000e+004
4.0000000e+000	7.7675000e+003
3.0000000e+000	3.9750000e+003
2.0000000e+000	2.7650000e+003
1.0000000e+000	1.8425000e+003
0.0000000e+000	8.5250000e+002
