1.4000000e+003	3.0205300e+005
1.3990000e+003	3.0130300e+005
1.3980000e+003	2.9533300e+005
1.3970000e+003	2.9136000e+005
1.3960000e+003	2.8942800e+005
1.3950000e+003	2.8626300e+005
1.3940000e+003	2.8176800e+005
1.3930000e+003	2.7682000e+005
1.3920000e+003	2.7295300e+005
1.3910000e+003	2.6924500e+005
1.3900000e+003	2.6614500e+005
1.3890000e+003	2.6287000e+005
1.3880000e+003	2.5911500e+005
1.3870000e+003	2.5571500e+005
1.3860000e+003	2.5326000e+005
1.3850000e+003	2.5065500e+005
1.3840000e+003	2.4787800e+005
1.3830000e+003	2.4481800e+005
1.3820000e+003	2.4187800e+005
1.3810000e+003	2.4040800e+005
1.3800000e+003	2.3712300e+005
1.3790000e+003	2.3346500e+005
1.3780000e+003	2.3314500e+005
1.3770000e+003	2.2989800e+005
1.3760000e+003	2.2807500e+005
1.3750000e+003	2.2594000e+005
1.3740000e+003	2.2282500e+005
1.3730000e+003	2.1948800e+005
1.3720000e+003	2.1666500e+005
1.3710000e+003	2.1317300e+005
1.3700000e+003	2.0915500e+005
1.3690000e+003	2.0734500e+005
1.3680000e+003	2.0224300e+005
1.3670000e+003	1.9823300e+005
1.3660000e+003	1.9518500e+005
1.3650000e+003	1.9445000e+005
1.3640000e+003	1.9102000e+005
1.3630000e+003	1.8914300e+005
1.3620000e+003	1.8712000e+005
1.3610000e+003	1.8564500e+005
1.3600000e+003	1.8371800e+005
1.3590000e+003	1.8187000e+005
1.3580000e+003	1.8033500e+005
1.3570000e+003	1.7945300e+005
1.3560000e+003	1.7851800e+005
1.3550000e+003	1.7567000e+005
1.3540000e+003	1.7225000e+005
1.3530000e+003	1.7060500e+005
1.3520000e+003	1.6851800e+005
1.3510000e+003	1.6617300e+005
1.3500000e+003	1.6286000e+005
1.3490000e+003	1.6165300e+005
1.3480000e+003	1.5950500e+005
1.3470000e+003	1.5660300e+005
1.3460000e+003	1.5456000e+005
1.3450000e+003	1.5208800e+005
1.3440000e+003	1.5142300e+005
1.3430000e+003	1.4954800e+005
1.3420000e+003	1.4734000e+005
1.3410000e+003	1.4555000e+005
1.3400000e+003	1.4286800e+005
1.3390000e+003	1.4319500e+005
1.3380000e+003	1.4102300e+005
1.3370000e+003	1.3947000e+005
1.3360000e+003	1.4022000e+005
1.3350000e+003	1.3933300e+005
1.3340000e+003	1.3809500e+005
1.3330000e+003	1.3756300e+005
1.3320000e+003	1.3686300e+005
1.3310000e+003	1.3643800e+005
1.3300000e+003	1.3566000e+005
1.3290000e+003	1.3594500e+005
1.3280000e+003	1.3642500e+005
1.3270000e+003	1.3505800e+005
1.3260000e+003	1.3623000e+005
1.3250000e+003	1.3678300e+005
1.3240000e+003	1.3769500e+005
1.3230000e+003	1.3651300e+005
1.3220000e+003	1.3852800e+005
1.3210000e+003	1.3896800e+005
1.3200000e+003	1.3864800e+005
1.3190000e+003	1.3971300e+005
1.3180000e+003	1.4089000e+005
1.3170000e+003	1.3896000e+005
1.3160000e+003	1.4166500e+005
1.3150000e+003	1.4229300e+005
1.3140000e+003	1.4229800e+005
1.3130000e+003	1.4197300e+005
1.3120000e+003	1.4240500e+005
1.3110000e+003	1.4268800e+005
1.3100000e+003	1.4375500e+005
1.3090000e+003	1.4472300e+005
1.3080000e+003	1.4538300e+005
1.3070000e+003	1.4605300e+005
1.3060000e+003	1.4668500e+005
1.3050000e+003	1.4746300e+005
1.3040000e+003	1.4584500e+005
1.3030000e+003	1.4579500e+005
1.3020000e+003	1.4706000e+005
1.3010000e+003	1.4601000e+005
1.3000000e+003	1.4560300e+005
1.2990000e+003	1.4570300e+005
1.2980000e+003	1.4682800e+005
1.2970000e+003	1.4533000e+005
1.2960000e+003	1.4581000e+005
1.2950000e+003	1.4601800e+005
1.2940000e+003	1.4555800e+005
1.2930000e+003	1.4477800e+005
1.2920000e+003	1.4475300e+005
1.2910000e+003	1.4292800e+005
1.2900000e+003	1.4093300e+005
1.2890000e+003	1.4154500e+005
1.2880000e+003	1.4105300e+005
1.2870000e+003	1.4247800e+005
1.2860000e+003	1.4330000e+005
1.2850000e+003	1.4784800e+005
1.2840000e+003	1.5387300e+005
1.2830000e+003	1.6129300e+005
1.2820000e+003	1.6957000e+005
1.2810000e+003	1.7465000e+005
1.2800000e+003	1.7148300e+005
1.2790000e+003	1.6445000e+005
1.2780000e+003	1.5504300e+005
1.2770000e+003	1.4852000e+005
1.2760000e+003	1.4215000e+005
1.2750000e+003	1.3703500e+005
1.2740000e+003	1.3327000e+005
1.2730000e+003	1.3137000e+005
1.2720000e+003	1.3078800e+005
1.2710000e+003	1.3075800e+005
1.2700000e+003	1.3096500e+005
1.2690000e+003	1.3082000e+005
1.2680000e+003	1.3131300e+005
1.2670000e+003	1.3152300e+005
1.2660000e+003	1.3060500e+005
1.2650000e+003	1.2993500e+005
1.2640000e+003	1.2982300e+005
1.2630000e+003	1.2929500e+005
1.2620000e+003	1.2952800e+005
1.2610000e+003	1.2880800e+005
1.2600000e+003	1.2953800e+005
1.2590000e+003	1.2903500e+005
1.2580000e+003	1.2937300e+005
1.2570000e+003	1.2895800e+005
1.2560000e+003	1.2839800e+005
1.2550000e+003	1.2670500e+005
1.2540000e+003	1.2697300e+005
1.2530000e+003	1.2600000e+005
1.2520000e+003	1.2459500e+005
1.2510000e+003	1.2341300e+005
1.2500000e+003	1.2726500e+005
1.2490000e+003	1.3514000e+005
1.2480000e+003	1.4695500e+005
1.2470000e+003	1.5864800e+005
1.2460000e+003	1.6627000e+005
1.2450000e+003	1.6813300e+005
1.2440000e+003	1.6554500e+005
1.2430000e+003	1.5750000e+005
1.2420000e+003	1.4744000e+005
1.2410000e+003	1.3527500e+005
1.2400000e+003	1.2572000e+005
1.2390000e+003	1.1730300e+005
1.2380000e+003	1.1119300e+005
1.2370000e+003	1.0810800e+005
1.2360000e+003	1.0712300e+005
1.2350000e+003	1.0600500e+005
1.2340000e+003	1.0509500e+005
1.2330000e+003	1.0489300e+005
1.2320000e+003	1.0544800e+005
1.2310000e+003	1.0643800e+005
1.2300000e+003	1.0593500e+005
1.2290000e+003	1.0664300e+005
1.2280000e+003	1.0671800e+005
1.2270000e+003	1.0590000e+005
1.2260000e+003	1.0592000e+005
1.2250000e+003	1.0574000e+005
1.2240000e+003	1.0513300e+005
1.2230000e+003	1.0536800e+005
1.2220000e+003	1.0439000e+005
1.2210000e+003	1.0373800e+005
1.2200000e+003	1.0382000e+005
1.2190000e+003	1.0344500e+005
1.2180000e+003	1.0275300e+005
1.2170000e+003	1.0225300e+005
1.2160000e+003	1.0197800e+005
1.2150000e+003	1.0219300e+005
1.2140000e+003	1.0224000e+005
1.2130000e+003	1.0152800e+005
1.2120000e+003	1.0193300e+005
1.2110000e+003	1.0213000e+005
1.2100000e+003	1.0314500e+005
1.2090000e+003	1.0260800e+005
1.2080000e+003	1.0263500e+005
1.2070000e+003	1.0283500e+005
1.2060000e+003	1.0263300e+005
1.2050000e+003	1.0322300e+005
1.2040000e+003	1.0215500e+005
1.2030000e+003	1.0308000e+005
1.2020000e+003	1.0297800e+005
1.2010000e+003	1.0346500e+005
1.2000000e+003	1.0345800e+005
1.1990000e+003	1.0391500e+005
1.1980000e+003	1.0277300e+005
1.1970000e+003	1.0372000e+005
1.1960000e+003	1.0372000e+005
1.1950000e+003	1.0476500e+005
1.1940000e+003	1.0386000e+005
1.1930000e+003	1.0439500e+005
1.1920000e+003	1.0423500e+005
1.1910000e+003	1.0507500e+005
1.1900000e+003	1.0423500e+005
1.1890000e+003	1.0473300e+005
1.1880000e+003	1.0439500e+005
1.1870000e+003	1.0511300e+005
1.1860000e+003	1.0566000e+005
1.1850000e+003	1.0482800e+005
1.1840000e+003	1.0468800e+005
1.1830000e+003	1.0571800e+005
1.1820000e+003	1.0648000e+005
1.1810000e+003	1.0630500e+005
1.1800000e+003	1.0628000e+005
1.1790000e+003	1.0626000e+005
1.1780000e+003	1.0628800e+005
1.1770000e+003	1.0696300e+005
1.1760000e+003	1.0662000e+005
1.1750000e+003	1.0753000e+005
1.1740000e+003	1.0769300e+005
1.1730000e+003	1.0711500e+005
1.1720000e+003	1.0639000e+005
1.1710000e+003	1.0646500e+005
1.1700000e+003	1.0643300e+005
1.1690000e+003	1.0685300e+005
1.1680000e+003	1.0621300e+005
1.1670000e+003	1.0620800e+005
1.1660000e+003	1.0752000e+005
1.1650000e+003	1.0722800e+005
1.1640000e+003	1.0671300e+005
1.1630000e+003	1.0643300e+005
1.1620000e+003	1.0669500e+005
1.1610000e+003	1.0597800e+005
1.1600000e+003	1.0746000e+005
1.1590000e+003	1.0823800e+005
1.1580000e+003	1.0874300e+005
1.1570000e+003	1.0881800e+005
1.1560000e+003	1.1037300e+005
1.1550000e+003	1.1123300e+005
1.1540000e+003	1.1143500e+005
1.1530000e+003	1.1193500e+005
1.1520000e+003	1.1235500e+005
1.1510000e+003	1.1271300e+005
1.1500000e+003	1.1151800e+005
1.1490000e+003	1.1221300e+005
1.1480000e+003	1.1196800e+005
1.1470000e+003	1.1097300e+005
1.1460000e+003	1.1017300e+005
1.1450000e+003	1.0801800e+005
1.1440000e+003	1.0722000e+005
1.1430000e+003	1.0587500e+005
1.1420000e+003	1.0591300e+005
1.1410000e+003	1.0435300e+005
1.1400000e+003	1.0437500e+005
1.1390000e+003	1.0417300e+005
1.1380000e+003	1.0352000e+005
1.1370000e+003	1.0392800e+005
1.1360000e+003	1.0323500e+005
1.1350000e+003	1.0319800e+005
1.1340000e+003	1.0235000e+005
1.1330000e+003	1.0311800e+005
1.1320000e+003	1.0321800e+005
1.1310000e+003	1.0296000e+005
1.1300000e+003	1.0321000e+005
1.1290000e+003	1.0391500e+005
1.1280000e+003	1.0385000e+005
1.1270000e+003	1.0455000e+005
1.1260000e+003	1.0413300e+005
1.1250000e+003	1.0480800e+005
1.1240000e+003	1.0532500e+005
1.1230000e+003	1.0542800e+005
1.1220000e+003	1.0660300e+005
1.1210000e+003	1.0662300e+005
1.1200000e+003	1.0618300e+005
1.1190000e+003	1.0647800e+005
1.1180000e+003	1.0583000e+005
1.1170000e+003	1.0452300e+005
1.1160000e+003	1.0542800e+005
1.1150000e+003	1.0634000e+005
1.1140000e+003	1.0510500e+005
1.1130000e+003	1.0519300e+005
1.1120000e+003	1.0442800e+005
1.1110000e+003	1.0446300e+005
1.1100000e+003	1.0446500e+005
1.1090000e+003	1.0447800e+005
1.1080000e+003	1.0461300e+005
1.1070000e+003	1.0566800e+005
1.1060000e+003	1.0547000e+005
1.1050000e+003	1.0504500e+005
1.1040000e+003	1.0541300e+005
1.1030000e+003	1.0587000e+005
1.1020000e+003	1.0624800e+005
1.1010000e+003	1.0588500e+005
1.1000000e+003	1.0594800e+005
1.0990000e+003	1.0609800e+005
1.0980000e+003	1.0618000e+005
1.0970000e+003	1.0614000e+005
1.0960000e+003	1.0691300e+005
1.0950000e+003	1.0667500e+005
1.0940000e+003	1.0636500e+005
1.0930000e+003	1.0673500e+005
1.0920000e+003	1.0799300e+005
1.0910000e+003	1.0787800e+005
1.0900000e+003	1.0718800e+005
1.0890000e+003	1.0839500e+005
1.0880000e+003	1.0811500e+005
1.0870000e+003	1.0836000e+005
1.0860000e+003	1.0848800e+005
1.0850000e+003	1.0820800e+005
1.0840000e+003	1.0873800e+005
1.0830000e+003	1.1000800e+005
1.0820000e+003	1.0934800e+005
1.0810000e+003	1.0867000e+005
1.0800000e+003	1.0907000e+005
1.0790000e+003	1.0937500e+005
1.0780000e+003	1.0991000e+005
1.0770000e+003	1.1076800e+005
1.0760000e+003	1.0966000e+005
1.0750000e+003	1.1025500e+005
1.0740000e+003	1.1044500e+005
1.0730000e+003	1.1085000e+005
1.0720000e+003	1.1121800e+005
1.0710000e+003	1.1119500e+005
1.0700000e+003	1.1159500e+005
1.0690000e+003	1.1239000e+005
1.0680000e+003	1.1185300e+005
1.0670000e+003	1.1220300e+005
1.0660000e+003	1.1165300e+005
1.0650000e+003	1.1182300e+005
1.0640000e+003	1.1258500e+005
1.0630000e+003	1.1304800e+005
1.0620000e+003	1.1215800e+005
1.0610000e+003	1.1244300e+005
1.0600000e+003	1.1293500e+005
1.0590000e+003	1.1308300e+005
1.0580000e+003	1.1325500e+005
1.0570000e+003	1.1343000e+005
1.0560000e+003	1.1367300e+005
1.0550000e+003	1.1487300e+005
1.0540000e+003	1.1436800e+005
1.0530000e+003	1.1431000e+005
1.0520000e+003	1.1494300e+005
1.0510000e+003	1.1494800e+005
1.0500000e+003	1.1444800e+005
1.0490000e+003	1.1478800e+005
1.0480000e+003	1.1510800e+005
1.0470000e+003	1.1643000e+005
1.0460000e+003	1.1566500e+005
1.0450000e+003	1.1646800e+005
1.0440000e+003	1.1661000e+005
1.0430000e+003	1.1711000e+005
1.0420000e+003	1.1647300e+005
1.0410000e+003	1.1615300e+005
1.0400000e+003	1.1649800e+005
1.0390000e+003	1.1778000e+005
1.0380000e+003	1.1775800e+005
1.0370000e+003	1.1773800e+005
1.0360000e+003	1.1793800e+005
1.0350000e+003	1.1866300e+005
1.0340000e+003	1.1919800e+005
1.0330000e+003	1.1857000e+005
1.0320000e+003	1.2013500e+005
1.0310000e+003	1.1932500e+005
1.0300000e+003	1.1998300e+005
1.0290000e+003	1.1987300e+005
1.0280000e+003	1.1972000e+005
1.0270000e+003	1.2014000e+005
1.0260000e+003	1.2040000e+005
1.0250000e+003	1.2109000e+005
1.0240000e+003	1.2015000e+005
1.0230000e+003	1.2092000e+005
1.0220000e+003	1.2154800e+005
1.0210000e+003	1.2149000e+005
1.0200000e+003	1.2251300e+005
1.0190000e+003	1.2302800e+005
1.0180000e+003	1.2273500e+005
1.0170000e+003	1.2266800e+005
1.0160000e+003	1.2239800e+005
1.0150000e+003	1.2386500e+005
1.0140000e+003	1.2457800e+005
1.0130000e+003	1.2587300e+005
1.0120000e+003	1.2535500e+005
1.0110000e+003	1.2580500e+005
1.0100000e+003	1.2460000e+005
1.0090000e+003	1.2504300e+005
1.0080000e+003	1.2528000e+005
1.0070000e+003	1.2473000e+005
1.0060000e+003	1.2560000e+005
1.0050000e+003	1.2547500e+005
1.0040000e+003	1.2582300e+005
1.0030000e+003	1.2469500e+005
1.0020000e+003	1.2368800e+005
1.0010000e+003	1.2474500e+005
1.0000000e+003	1.2588300e+005
9.9900000e+002	1.2682800e+005
9.9800000e+002	1.2739300e+005
9.9700000e+002	1.2881500e+005
9.9600000e+002	1.2907000e+005
9.9500000e+002	1.2952000e+005
9.9400000e+002	1.3062000e+005
9.9300000e+002	1.3097800e+005
9.9200000e+002	1.3024000e+005
9.9100000e+002	1.2933500e+005
9.9000000e+002	1.2796300e+005
9.8900000e+002	1.2694500e+005
9.8800000e+002	1.2735500e+005
9.8700000e+002	1.2650500e+005
9.8600000e+002	1.2734000e+005
9.8500000e+002	1.2642000e+005
9.8400000e+002	1.2639000e+005
9.8300000e+002	1.2471000e+005
9.8200000e+002	1.2405800e+005
9.8100000e+002	1.2389500e+005
9.8000000e+002	1.2467300e+005
9.7900000e+002	1.2683500e+005
9.7800000e+002	1.2837500e+005
9.7700000e+002	1.3015000e+005
9.7600000e+002	1.3402000e+005
9.7500000e+002	1.3698500e+005
9.7400000e+002	1.4195000e+005
9.7300000e+002	1.4839500e+005
9.7200000e+002	1.5338500e+005
9.7100000e+002	1.4771500e+005
9.7000000e+002	1.3633500e+005
9.6900000e+002	1.2800000e+005
9.6800000e+002	1.2381800e+005
9.6700000e+002	1.2284300e+005
9.6600000e+002	1.2022000e+005
9.6500000e+002	1.2007500e+005
9.6400000e+002	1.1808300e+005
9.6300000e+002	1.1664500e+005
9.6200000e+002	1.1615300e+005
9.6100000e+002	1.1599300e+005
9.6000000e+002	1.1571800e+005
9.5900000e+002	1.1509800e+005
9.5800000e+002	1.1569800e+005
9.5700000e+002	1.1529300e+005
9.5600000e+002	1.1705000e+005
9.5500000e+002	1.1630300e+005
9.5400000e+002	1.1644800e+005
9.5300000e+002	1.1640800e+005
9.5200000e+002	1.1657800e+005
9.5100000e+002	1.1714000e+005
9.5000000e+002	1.1617800e+005
9.4900000e+002	1.1711300e+005
9.4800000e+002	1.1725800e+005
9.4700000e+002	1.1731800e+005
9.4600000e+002	1.1791300e+005
9.4500000e+002	1.1798000e+005
9.4400000e+002	1.1831300e+005
9.4300000e+002	1.1774500e+005
9.4200000e+002	1.1769800e+005
9.4100000e+002	1.1807000e+005
9.4000000e+002	1.1937500e+005
9.3900000e+002	1.1847800e+005
9.3800000e+002	1.1873300e+005
9.3700000e+002	1.1918500e+005
9.3600000e+002	1.1917500e+005
9.3500000e+002	1.1946500e+005
9.3400000e+002	1.1887500e+005
9.3300000e+002	1.1942800e+005
9.3200000e+002	1.2010800e+005
9.3100000e+002	1.1987800e+005
9.3000000e+002	1.1975800e+005
9.2900000e+002	1.2021000e+005
9.2800000e+002	1.2046000e+005
9.2700000e+002	1.2101000e+005
9.2600000e+002	1.2047000e+005
9.2500000e+002	1.2118000e+005
9.2400000e+002	1.2129800e+005
9.2300000e+002	1.2129500e+005
9.2200000e+002	1.2104800e+005
9.2100000e+002	1.2179000e+005
9.2000000e+002	1.2118000e+005
9.1900000e+002	1.2172500e+005
9.1800000e+002	1.2225500e+005
9.1700000e+002	1.2261800e+005
9.1600000e+002	1.2260000e+005
9.1500000e+002	1.2235800e+005
9.1400000e+002	1.2269300e+005
9.1300000e+002	1.2346300e+005
9.1200000e+002	1.2312300e+005
9.1100000e+002	1.2316500e+005
9.1000000e+002	1.2299000e+005
9.0900000e+002	1.2366300e+005
9.0800000e+002	1.2388800e+005
9.0700000e+002	1.2413800e+005
9.0600000e+002	1.2343000e+005
9.0500000e+002	1.2468000e+005
9.0400000e+002	1.2420500e+005
9.0300000e+002	1.2445300e+005
9.0200000e+002	1.2401800e+005
9.0100000e+002	1.2483500e+005
9.0000000e+002	1.2495500e+005
8.9900000e+002	1.2468300e+005
8.9800000e+002	1.2580800e+005
8.9700000e+002	1.2563800e+005
8.9600000e+002	1.2658800e+005
8.9500000e+002	1.2683500e+005
8.9400000e+002	1.2629800e+005
8.9300000e+002	1.2569500e+005
8.9200000e+002	1.2641000e+005
8.9100000e+002	1.2701000e+005
8.9000000e+002	1.2608500e+005
8.8900000e+002	1.2649000e+005
8.8800000e+002	1.2607000e+005
8.8700000e+002	1.2782800e+005
8.8600000e+002	1.2746300e+005
8.8500000e+002	1.2784000e+005
8.8400000e+002	1.2868300e+005
8.8300000e+002	1.2810300e+005
8.8200000e+002	1.2779500e+005
8.8100000e+002	1.2774500e+005
8.8000000e+002	1.2769000e+005
8.7900000e+002	1.2946800e+005
8.7800000e+002	1.2836800e+005
8.7700000e+002	1.2742300e+005
8.7600000e+002	1.2962300e+005
8.7500000e+002	1.2956800e+005
8.7400000e+002	1.2937300e+005
8.7300000e+002	1.2937000e+005
8.7200000e+002	1.2909300e+005
8.7100000e+002	1.3043500e+005
8.7000000e+002	1.3115500e+005
8.6900000e+002	1.3069500e+005
8.6800000e+002	1.3022500e+005
8.6700000e+002	1.3071800e+005
8.6600000e+002	1.3054500e+005
8.6500000e+002	1.3085300e+005
8.6400000e+002	1.3101500e+005
8.6300000e+002	1.3070800e+005
8.6200000e+002	1.3119300e+005
8.6100000e+002	1.3133500e+005
8.6000000e+002	1.3179500e+005
8.5900000e+002	1.3216300e+005
8.5800000e+002	1.3129800e+005
8.5700000e+002	1.3175000e+005
8.5600000e+002	1.3263300e+005
8.5500000e+002	1.3214500e+005
8.5400000e+002	1.3214300e+005
8.5300000e+002	1.3159800e+005
8.5200000e+002	1.3241800e+005
8.5100000e+002	1.3248800e+005
8.5000000e+002	1.3263300e+005
8.4900000e+002	1.3220500e+005
8.4800000e+002	1.3351000e+005
8.4700000e+002	1.3313500e+005
8.4600000e+002	1.3348000e+005
8.4500000e+002	1.3297300e+005
8.4400000e+002	1.3295300e+005
8.4300000e+002	1.3329300e+005
8.4200000e+002	1.3302500e+005
8.4100000e+002	1.3372800e+005
8.4000000e+002	1.3356800e+005
8.3900000e+002	1.3450500e+005
8.3800000e+002	1.3451000e+005
8.3700000e+002	1.3400300e+005
8.3600000e+002	1.3536000e+005
8.3500000e+002	1.3422500e+005
8.3400000e+002	1.3455300e+005
8.3300000e+002	1.3501000e+005
8.3200000e+002	1.3498300e+005
8.3100000e+002	1.3504800e+005
8.3000000e+002	1.3503800e+005
8.2900000e+002	1.3524800e+005
8.2800000e+002	1.3555000e+005
8.2700000e+002	1.3577000e+005
8.2600000e+002	1.3503300e+005
8.2500000e+002	1.3653300e+005
8.2400000e+002	1.3644500e+005
8.2300000e+002	1.3577800e+005
8.2200000e+002	1.3615300e+005
8.2100000e+002	1.3599000e+005
8.2000000e+002	1.3587500e+005
8.1900000e+002	1.3611300e+005
8.1800000e+002	1.3621500e+005
8.1700000e+002	1.3637800e+005
8.1600000e+002	1.3591800e+005
8.1500000e+002	1.3591000e+005
8.1400000e+002	1.3729300e+005
8.1300000e+002	1.3661800e+005
8.1200000e+002	1.3747500e+005
8.1100000e+002	1.3772000e+005
8.1000000e+002	1.3791500e+005
8.0900000e+002	1.3677800e+005
8.0800000e+002	1.3689800e+005
8.0700000e+002	1.3818500e+005
8.0600000e+002	1.3753500e+005
8.0500000e+002	1.3681300e+005
8.0400000e+002	1.3674000e+005
8.0300000e+002	1.3682000e+005
8.0200000e+002	1.3823300e+005
8.0100000e+002	1.3880500e+005
8.0000000e+002	1.3897000e+005
7.9900000e+002	1.3767000e+005
7.9800000e+002	1.3845500e+005
7.9700000e+002	1.3782300e+005
7.9600000e+002	1.3878800e+005
7.9500000e+002	1.3927000e+005
7.9400000e+002	1.3841800e+005
7.9300000e+002	1.3813800e+005
7.9200000e+002	1.3764800e+005
7.9100000e+002	1.3809800e+005
7.9000000e+002	1.3759500e+005
7.8900000e+002	1.3815500e+005
7.8800000e+002	1.3742800e+005
7.8700000e+002	1.3651500e+005
7.8600000e+002	1.3696300e+005
7.8500000e+002	1.3622500e+005
7.8400000e+002	1.3698800e+005
7.8300000e+002	1.3716500e+005
7.8200000e+002	1.3721300e+005
7.8100000e+002	1.3721800e+005
7.8000000e+002	1.3693500e+005
7.7900000e+002	1.3599500e+005
7.7800000e+002	1.3710000e+005
7.7700000e+002	1.3770800e+005
7.7600000e+002	1.3827000e+005
7.7500000e+002	1.3757500e+005
7.7400000e+002	1.3704300e+005
7.7300000e+002	1.3715800e+005
7.7200000e+002	1.3773800e+005
7.7100000e+002	1.3729300e+005
7.7000000e+002	1.3715500e+005
7.6900000e+002	1.3758300e+005
7.6800000e+002	1.3751500e+005
7.6700000e+002	1.3820300e+005
7.6600000e+002	1.3655000e+005
7.6500000e+002	1.3766000e+005
7.6400000e+002	1.3812300e+005
7.6300000e+002	1.3930500e+005
7.6200000e+002	1.3766800e+005
7.6100000e+002	1.3799300e+005
7.6000000e+002	1.3893800e+005
7.5900000e+002	1.3909300e+005
7.5800000e+002	1.3889300e+005
7.5700000e+002	1.3920000e+005
7.5600000e+002	1.3873800e+005
7.5500000e+002	1.3853500e+005
7.5400000e+002	1.3975300e+005
7.5300000e+002	1.3919800e+005
7.5200000e+002	1.3948800e+005
7.5100000e+002	1.3948500e+005
7.5000000e+002	1.3954000e+005
7.4900000e+002	1.4003500e+005
7.4800000e+002	1.4027000e+005
7.4700000e+002	1.4007000e+005
7.4600000e+002	1.3951500e+005
7.4500000e+002	1.4078800e+005
7.4400000e+002	1.4065800e+005
7.4300000e+002	1.4101500e+005
7.4200000e+002	1.4060000e+005
7.4100000e+002	1.4097500e+005
7.4000000e+002	1.4129300e+005
7.3900000e+002	1.4079800e+005
7.3800000e+002	1.4156500e+005
7.3700000e+002	1.4112500e+005
7.3600000e+002	1.4192000e+005
7.3500000e+002	1.4190300e+005
7.3400000e+002	1.4137500e+005
7.3300000e+002	1.4208500e+005
7.3200000e+002	1.4222000e+005
7.3100000e+002	1.4225000e+005
7.3000000e+002	1.4258500e+005
7.2900000e+002	1.4279500e+005
7.2800000e+002	1.4169000e+005
7.2700000e+002	1.4225300e+005
7.2600000e+002	1.4161300e+005
7.2500000e+002	1.4263500e+005
7.2400000e+002	1.4125000e+005
7.2300000e+002	1.4200500e+005
7.2200000e+002	1.4169000e+005
7.2100000e+002	1.4190500e+005
7.2000000e+002	1.4287000e+005
7.1900000e+002	1.4265500e+005
7.1800000e+002	1.4136300e+005
7.1700000e+002	1.4156000e+005
7.1600000e+002	1.4159300e+005
7.1500000e+002	1.4124000e+005
7.1400000e+002	1.4122300e+005
7.1300000e+002	1.4125800e+005
7.1200000e+002	1.4162000e+005
7.1100000e+002	1.4140000e+005
7.1000000e+002	1.4007500e+005
7.0900000e+002	1.4110000e+005
7.0800000e+002	1.4146300e+005
7.0700000e+002	1.4183800e+005
7.0600000e+002	1.4191300e+005
7.0500000e+002	1.4123500e+005
7.0400000e+002	1.4150500e+005
7.0300000e+002	1.4163300e+005
7.0200000e+002	1.4079500e+005
7.0100000e+002	1.4170000e+005
7.0000000e+002	1.4170000e+005
6.9900000e+002	1.4138000e+005
6.9800000e+002	1.4052500e+005
6.9700000e+002	1.4192300e+005
6.9600000e+002	1.4179000e+005
6.9500000e+002	1.4149500e+005
6.9400000e+002	1.4133300e+005
6.9300000e+002	1.4019000e+005
6.9200000e+002	1.4125000e+005
6.9100000e+002	1.4152000e+005
6.9000000e+002	1.4179000e+005
6.8900000e+002	1.4156800e+005
6.8800000e+002	1.4131800e+005
6.8700000e+002	1.4133500e+005
6.8600000e+002	1.4019300e+005
6.8500000e+002	1.4046800e+005
6.8400000e+002	1.4136300e+005
6.8300000e+002	1.4022500e+005
6.8200000e+002	1.3952800e+005
6.8100000e+002	1.3953300e+005
6.8000000e+002	1.3886000e+005
6.7900000e+002	1.3803000e+005
6.7800000e+002	1.3734800e+005
6.7700000e+002	1.3684000e+005
6.7600000e+002	1.3589800e+005
6.7500000e+002	1.3740300e+005
6.7400000e+002	1.3659300e+005
6.7300000e+002	1.3605000e+005
6.7200000e+002	1.3505500e+005
6.7100000e+002	1.3514500e+005
6.7000000e+002	1.3521800e+005
6.6900000e+002	1.3474000e+005
6.6800000e+002	1.3419800e+005
6.6700000e+002	1.3464300e+005
6.6600000e+002	1.3519300e+005
6.6500000e+002	1.3493300e+005
6.6400000e+002	1.3428000e+005
6.6300000e+002	1.3391800e+005
6.6200000e+002	1.3516300e+005
6.6100000e+002	1.3435500e+005
6.6000000e+002	1.3463300e+005
6.5900000e+002	1.3431500e+005
6.5800000e+002	1.3468500e+005
6.5700000e+002	1.3484500e+005
6.5600000e+002	1.3542000e+005
6.5500000e+002	1.3512800e+005
6.5400000e+002	1.3477300e+005
6.5300000e+002	1.3412800e+005
6.5200000e+002	1.3423500e+005
6.5100000e+002	1.3391000e+005
6.5000000e+002	1.3424000e+005
6.4900000e+002	1.3419300e+005
6.4800000e+002	1.3456800e+005
6.4700000e+002	1.3323800e+005
6.4600000e+002	1.3410500e+005
6.4500000e+002	1.3330800e+005
6.4400000e+002	1.3336000e+005
6.4300000e+002	1.3360500e+005
6.4200000e+002	1.3337500e+005
6.4100000e+002	1.3368000e+005
6.4000000e+002	1.3414300e+005
6.3900000e+002	1.3401500e+005
6.3800000e+002	1.3342000e+005
6.3700000e+002	1.3525500e+005
6.3600000e+002	1.3512800e+005
6.3500000e+002	1.3563800e+005
6.3400000e+002	1.3532800e+005
6.3300000e+002	1.3584800e+005
6.3200000e+002	1.3565500e+005
6.3100000e+002	1.3576800e+005
6.3000000e+002	1.3620500e+005
6.2900000e+002	1.3640500e+005
6.2800000e+002	1.3585500e+005
6.2700000e+002	1.3606300e+005
6.2600000e+002	1.3636800e+005
6.2500000e+002	1.3792500e+005
6.2400000e+002	1.3693800e+005
6.2300000e+002	1.3703300e+005
6.2200000e+002	1.3743800e+005
6.2100000e+002	1.3759500e+005
6.2000000e+002	1.3830000e+005
6.1900000e+002	1.3795800e+005
6.1800000e+002	1.3855800e+005
6.1700000e+002	1.3755500e+005
6.1600000e+002	1.3787800e+005
6.1500000e+002	1.3864000e+005
6.1400000e+002	1.3910500e+005
6.1300000e+002	1.3914500e+005
6.1200000e+002	1.3971000e+005
6.1100000e+002	1.3972500e+005
6.1000000e+002	1.3970300e+005
6.0900000e+002	1.4001000e+005
6.0800000e+002	1.3942000e+005
6.0700000e+002	1.3998000e+005
6.0600000e+002	1.4031000e+005
6.0500000e+002	1.3977300e+005
6.0400000e+002	1.4033000e+005
6.0300000e+002	1.4093500e+005
6.0200000e+002	1.4207300e+005
6.0100000e+002	1.4045800e+005
6.0000000e+002	1.4127300e+005
5.9900000e+002	1.4357500e+005
5.9800000e+002	1.4283000e+005
5.9700000e+002	1.4251000e+005
5.9600000e+002	1.4280000e+005
5.9500000e+002	1.4314000e+005
5.9400000e+002	1.4371000e+005
5.9300000e+002	1.4361300e+005
5.9200000e+002	1.4379800e+005
5.9100000e+002	1.4464800e+005
5.9000000e+002	1.4387300e+005
5.8900000e+002	1.4447800e+005
5.8800000e+002	1.4438500e+005
5.8700000e+002	1.4484000e+005
5.8600000e+002	1.4485500e+005
5.8500000e+002	1.4581800e+005
5.8400000e+002	1.4612500e+005
5.8300000e+002	1.4568500e+005
5.8200000e+002	1.4524800e+005
5.8100000e+002	1.4508500e+005
5.8000000e+002	1.4471300e+005
5.7900000e+002	1.4518800e+005
5.7800000e+002	1.4645500e+005
5.7700000e+002	1.4553000e+005
5.7600000e+002	1.4588800e+005
5.7500000e+002	1.4626800e+005
5.7400000e+002	1.4766000e+005
5.7300000e+002	1.4763300e+005
5.7200000e+002	1.4691300e+005
5.7100000e+002	1.4763300e+005
5.7000000e+002	1.4800300e+005
5.6900000e+002	1.4756300e+005
5.6800000e+002	1.4709000e+005
5.6700000e+002	1.4671000e+005
5.6600000e+002	1.4478500e+005
5.6500000e+002	1.4449300e+005
5.6400000e+002	1.4473500e+005
5.6300000e+002	1.4384300e+005
5.6200000e+002	1.4363800e+005
5.6100000e+002	1.4365800e+005
5.6000000e+002	1.4348800e+005
5.5900000e+002	1.4286500e+005
5.5800000e+002	1.4229800e+005
5.5700000e+002	1.4106000e+005
5.5600000e+002	1.4182000e+005
5.5500000e+002	1.4248300e+005
5.5400000e+002	1.4169800e+005
5.5300000e+002	1.4212300e+005
5.5200000e+002	1.3949800e+005
5.5100000e+002	1.3846800e+005
5.5000000e+002	1.3709000e+005
5.4900000e+002	1.3656300e+005
5.4800000e+002	1.3615800e+005
5.4700000e+002	1.3460300e+005
5.4600000e+002	1.3221800e+005
5.4500000e+002	1.2961500e+005
5.4400000e+002	1.2660300e+005
5.4300000e+002	1.2420000e+005
5.4200000e+002	1.2086500e+005
5.4100000e+002	1.1726800e+005
5.4000000e+002	1.1274300e+005
5.3900000e+002	1.0848800e+005
5.3800000e+002	1.0581000e+005
5.3700000e+002	1.0432800e+005
5.3600000e+002	1.0195000e+005
5.3500000e+002	9.9935000e+004
5.3400000e+002	9.9230000e+004
5.3300000e+002	9.9107500e+004
5.3200000e+002	1.0411800e+005
5.3100000e+002	1.1450300e+005
5.3000000e+002	1.3039500e+005
5.2900000e+002	1.4822300e+005
5.2800000e+002	1.8571800e+005
5.2700000e+002	2.0701500e+005
5.2600000e+002	1.6531000e+005
5.2500000e+002	1.1214800e+005
5.2400000e+002	9.3177500e+004
5.2300000e+002	9.0790000e+004
5.2200000e+002	8.9860000e+004
5.2100000e+002	8.9130000e+004
5.2000000e+002	8.8930000e+004
5.1900000e+002	8.8017500e+004
5.1800000e+002	8.7397500e+004
5.1700000e+002	8.6600000e+004
5.1600000e+002	8.6097500e+004
5.1500000e+002	8.5522500e+004
5.1400000e+002	8.5372500e+004
5.1300000e+002	8.5615000e+004
5.1200000e+002	8.5760000e+004
5.1100000e+002	8.6045000e+004
5.1000000e+002	8.6040000e+004
5.0900000e+002	8.5332500e+004
5.0800000e+002	8.4895000e+004
5.0700000e+002	8.2945000e+004
5.0600000e+002	8.1720000e+004
5.0500000e+002	8.2105000e+004
5.0400000e+002	8.2370000e+004
5.0300000e+002	8.2800000e+004
5.0200000e+002	8.4532500e+004
5.0100000e+002	8.5397500e+004
5.0000000e+002	8.9205000e+004
4.9900000e+002	9.3147500e+004
4.9800000e+002	9.5382500e+004
4.9700000e+002	9.2942500e+004
4.9600000e+002	8.9222500e+004
4.9500000e+002	8.5552500e+004
4.9400000e+002	8.3220000e+004
4.9300000e+002	8.1607500e+004
4.9200000e+002	8.0595000e+004
4.9100000e+002	8.0390000e+004
4.9000000e+002	7.9355000e+004
4.8900000e+002	7.9770000e+004
4.8800000e+002	7.9992500e+004
4.8700000e+002	7.9587500e+004
4.8600000e+002	7.9385000e+004
4.8500000e+002	7.9295000e+004
4.8400000e+002	8.0025000e+004
4.8300000e+002	7.9395000e+004
4.8200000e+002	7.9237500e+004
4.8100000e+002	7.9172500e+004
4.8000000e+002	7.9955000e+004
4.7900000e+002	8.0077500e+004
4.7800000e+002	7.9500000e+004
4.7700000e+002	7.9825000e+004
4.7600000e+002	8.0030000e+004
4.7500000e+002	8.0342500e+004
4.7400000e+002	7.9557500e+004
4.7300000e+002	8.0937500e+004
4.7200000e+002	8.1375000e+004
4.7100000e+002	8.1765000e+004
4.7000000e+002	8.1215000e+004
4.6900000e+002	8.1612500e+004
4.6800000e+002	8.1472500e+004
4.6700000e+002	8.0917500e+004
4.6600000e+002	8.1097500e+004
4.6500000e+002	8.1687500e+004
4.6400000e+002	8.1485000e+004
4.6300000e+002	8.1715000e+004
4.6200000e+002	8.2182500e+004
4.6100000e+002	8.3067500e+004
4.6000000e+002	8.2150000e+004
4.5900000e+002	8.2750000e+004
4.5800000e+002	8.2897500e+004
4.5700000e+002	8.2660000e+004
4.5600000e+002	8.2715000e+004
4.5500000e+002	8.3155000e+004
4.5400000e+002	8.3522500e+004
4.5300000e+002	8.3760000e+004
4.5200000e+002	8.4305000e+004
4.5100000e+002	8.4167500e+004
4.5000000e+002	8.3962500e+004
4.4900000e+002	8.4460000e+004
4.4800000e+002	8.5075000e+004
4.4700000e+002	8.4722500e+004
4.4600000e+002	8.4560000e+004
4.4500000e+002	8.4440000e+004
4.4400000e+002	8.4995000e+004
4.4300000e+002	8.5095000e+004
4.4200000e+002	8.4895000e+004
4.4100000e+002	8.5650000e+004
4.4000000e+002	8.5400000e+004
4.3900000e+002	8.4882500e+004
4.3800000e+002	8.4277500e+004
4.3700000e+002	8.3777500e+004
4.3600000e+002	8.4380000e+004
4.3500000e+002	8.3175000e+004
4.3400000e+002	8.2765000e+004
4.3300000e+002	8.2515000e+004
4.3200000e+002	8.3940000e+004
4.3100000e+002	8.3800000e+004
4.3000000e+002	8.3655000e+004
4.2900000e+002	8.4335000e+004
4.2800000e+002	8.4987500e+004
4.2700000e+002	8.5752500e+004
4.2600000e+002	8.6780000e+004
4.2500000e+002	8.7590000e+004
4.2400000e+002	8.7615000e+004
4.2300000e+002	8.7772500e+004
4.2200000e+002	8.9082500e+004
4.2100000e+002	8.7842500e+004
4.2000000e+002	8.8317500e+004
4.1900000e+002	8.9330000e+004
4.1800000e+002	8.9910000e+004
4.1700000e+002	9.1030000e+004
4.1600000e+002	9.2265000e+004
4.1500000e+002	9.3117500e+004
4.1400000e+002	9.3140000e+004
4.1300000e+002	9.2260000e+004
4.1200000e+002	9.2080000e+004
4.1100000e+002	9.2102500e+004
4.1000000e+002	8.9285000e+004
4.0900000e+002	8.4732500e+004
4.0800000e+002	7.9895000e+004
4.0700000e+002	7.8572500e+004
4.0600000e+002	8.1490000e+004
4.0500000e+002	8.9215000e+004
4.0400000e+002	9.8955000e+004
4.0300000e+002	1.0206800e+005
4.0200000e+002	9.1725000e+004
4.0100000e+002	8.7682500e+004
4.0000000e+002	1.0648300e+005
3.9900000e+002	1.2566500e+005
3.9800000e+002	1.0977000e+005
3.9700000e+002	7.6332500e+004
3.9600000e+002	5.9785000e+004
3.9500000e+002	5.7387500e+004
3.9400000e+002	5.6302500e+004
3.9300000e+002	5.5407500e+004
3.9200000e+002	5.4842500e+004
3.9100000e+002	5.3332500e+004
3.9000000e+002	5.2617500e+004
3.8900000e+002	5.1320000e+004
3.8800000e+002	5.1385000e+004
3.8700000e+002	5.0352500e+004
3.8600000e+002	4.9802500e+004
3.8500000e+002	4.9595000e+004
3.8400000e+002	4.9497500e+004
3.8300000e+002	4.9335000e+004
3.8200000e+002	4.8772500e+004
3.8100000e+002	4.8360000e+004
3.8000000e+002	4.8037500e+004
3.7900000e+002	4.8090000e+004
3.7800000e+002	4.7660000e+004
3.7700000e+002	4.7667500e+004
3.7600000e+002	4.6830000e+004
3.7500000e+002	4.5917500e+004
3.7400000e+002	4.5495000e+004
3.7300000e+002	4.5357500e+004
3.7200000e+002	4.5262500e+004
3.7100000e+002	4.4210000e+004
3.7000000e+002	4.4110000e+004
3.6900000e+002	4.3747500e+004
3.6800000e+002	4.2965000e+004
3.6700000e+002	4.2140000e+004
3.6600000e+002	4.1862500e+004
3.6500000e+002	4.1380000e+004
3.6400000e+002	4.0817500e+004
3.6300000e+002	4.0800000e+004
3.6200000e+002	4.0640000e+004
3.6100000e+002	4.0805000e+004
3.6000000e+002	4.0860000e+004
3.5900000e+002	4.0310000e+004
3.5800000e+002	4.0762500e+004
3.5700000e+002	4.0622500e+004
3.5600000e+002	4.0405000e+004
3.5500000e+002	4.0677500e+004
3.5400000e+002	4.0760000e+004
3.5300000e+002	4.0777500e+004
3.5200000e+002	4.0947500e+004
3.5100000e+002	4.0507500e+004
3.5000000e+002	4.0612500e+004
3.4900000e+002	4.1040000e+004
3.4800000e+002	4.0975000e+004
3.4700000e+002	4.1175000e+004
3.4600000e+002	4.1337500e+004
3.4500000e+002	4.1820000e+004
3.4400000e+002	4.1607500e+004
3.4300000e+002	4.1590000e+004
3.4200000e+002	4.1640000e+004
3.4100000e+002	4.1587500e+004
3.4000000e+002	4.1955000e+004
3.3900000e+002	4.1970000e+004
3.3800000e+002	4.1965000e+004
3.3700000e+002	4.2020000e+004
3.3600000e+002	4.1682500e+004
3.3500000e+002	4.1732500e+004
3.3400000e+002	4.1875000e+004
3.3300000e+002	4.1745000e+004
3.3200000e+002	4.1697500e+004
3.3100000e+002	4.2220000e+004
3.3000000e+002	4.1860000e+004
3.2900000e+002	4.2052500e+004
3.2800000e+002	4.2267500e+004
3.2700000e+002	4.2650000e+004
3.2600000e+002	4.2510000e+004
3.2500000e+002	4.2817500e+004
3.2400000e+002	4.3145000e+004
3.2300000e+002	4.3492500e+004
3.2200000e+002	4.3915000e+004
3.2100000e+002	4.3630000e+004
3.2000000e+002	4.3355000e+004
3.1900000e+002	4.3622500e+004
3.1800000e+002	4.3325000e+004
3.1700000e+002	4.2745000e+004
3.1600000e+002	4.2122500e+004
3.1500000e+002	4.2327500e+004
3.1400000e+002	4.2525000e+004
3.1300000e+002	4.1422500e+004
3.1200000e+002	4.1475000e+004
3.1100000e+002	4.1530000e+004
3.1000000e+002	4.1670000e+004
3.0900000e+002	4.1605000e+004
3.0800000e+002	4.1847500e+004
3.0700000e+002	4.1557500e+004
3.0600000e+002	4.2112500e+004
3.0500000e+002	4.2560000e+004
3.0400000e+002	4.2840000e+004
3.0300000e+002	4.3285000e+004
3.0200000e+002	4.3000000e+004
3.0100000e+002	4.2385000e+004
3.0000000e+002	4.2372500e+004
2.9900000e+002	4.2017500e+004
2.9800000e+002	4.1272500e+004
2.9700000e+002	4.1150000e+004
2.9600000e+002	4.0827500e+004
2.9500000e+002	4.0740000e+004
2.9400000e+002	3.9772500e+004
2.9300000e+002	3.9730000e+004
2.9200000e+002	3.9107500e+004
2.9100000e+002	3.8635000e+004
2.9000000e+002	3.8462500e+004
2.8900000e+002	3.9357500e+004
2.8800000e+002	4.1140000e+004
2.8700000e+002	4.3672500e+004
2.8600000e+002	4.6475000e+004
2.8500000e+002	5.0555000e+004
2.8400000e+002	5.8102500e+004
2.8300000e+002	6.3205000e+004
2.8200000e+002	5.9787500e+004
2.8100000e+002	5.2477500e+004
2.8000000e+002	4.7722500e+004
2.7900000e+002	4.6527500e+004
2.7800000e+002	4.5242500e+004
2.7700000e+002	4.2240000e+004
2.7600000e+002	3.9390000e+004
2.7500000e+002	3.7357500e+004
2.7400000e+002	3.6090000e+004
2.7300000e+002	3.5612500e+004
2.7200000e+002	3.5467500e+004
2.7100000e+002	3.4955000e+004
2.7000000e+002	3.4540000e+004
2.6900000e+002	3.4377500e+004
2.6800000e+002	3.5012500e+004
2.6700000e+002	3.5015000e+004
2.6600000e+002	3.4680000e+004
2.6500000e+002	3.5085000e+004
2.6400000e+002	3.5820000e+004
2.6300000e+002	3.6655000e+004
2.6200000e+002	3.6627500e+004
2.6100000e+002	3.6887500e+004
2.6000000e+002	3.7060000e+004
2.5900000e+002	3.7745000e+004
2.5800000e+002	3.7092500e+004
2.5700000e+002	3.7002500e+004
2.5600000e+002	3.5642500e+004
2.5500000e+002	3.4657500e+004
2.5400000e+002	3.3480000e+004
2.5300000e+002	3.2730000e+004
2.5200000e+002	3.2142500e+004
2.5100000e+002	3.1690000e+004
2.5000000e+002	3.0895000e+004
2.4900000e+002	3.0407500e+004
2.4800000e+002	3.0295000e+004
2.4700000e+002	2.9707500e+004
2.4600000e+002	3.0302500e+004
2.4500000e+002	2.9980000e+004
2.4400000e+002	2.9470000e+004
2.4300000e+002	2.9907500e+004
2.4200000e+002	2.9687500e+004
2.4100000e+002	2.9992500e+004
2.4000000e+002	3.0247500e+004
2.3900000e+002	3.0055000e+004
2.3800000e+002	3.0365000e+004
2.3700000e+002	3.1075000e+004
2.3600000e+002	3.1180000e+004
2.3500000e+002	3.1840000e+004
2.3400000e+002	3.1910000e+004
2.3300000e+002	3.2107500e+004
2.3200000e+002	3.1982500e+004
2.3100000e+002	3.2392500e+004
2.3000000e+002	3.1830000e+004
2.2900000e+002	3.1565000e+004
2.2800000e+002	3.1967500e+004
2.2700000e+002	3.1420000e+004
2.2600000e+002	3.0952500e+004
2.2500000e+002	3.1470000e+004
2.2400000e+002	3.0772500e+004
2.2300000e+002	2.9980000e+004
2.2200000e+002	2.9522500e+004
2.2100000e+002	2.8657500e+004
2.2000000e+002	2.7775000e+004
2.1900000e+002	2.7390000e+004
2.1800000e+002	2.7422500e+004
2.1700000e+002	2.7380000e+004
2.1600000e+002	2.7045000e+004
2.1500000e+002	2.6857500e+004
2.1400000e+002	2.6170000e+004
2.1300000e+002	2.6535000e+004
2.1200000e+002	2.6680000e+004
2.1100000e+002	2.6822500e+004
2.1000000e+002	2.6810000e+004
2.0900000e+002	2.7195000e+004
2.0800000e+002	2.7197500e+004
2.0700000e+002	2.7017500e+004
2.0600000e+002	2.7165000e+004
2.0500000e+002	2.7185000e+004
2.0400000e+002	2.7207500e+004
2.0300000e+002	2.6845000e+004
2.0200000e+002	2.6857500e+004
2.0100000e+002	2.7320000e+004
2.0000000e+002	2.7427500e+004
1.9900000e+002	2.7580000e+004
1.9800000e+002	2.7825000e+004
1.9700000e+002	2.7635000e+004
1.9600000e+002	2.7895000e+004
1.9500000e+002	2.7782500e+004
1.9400000e+002	2.7860000e+004
1.9300000e+002	2.8415000e+004
1.9200000e+002	2.9145000e+004
1.9100000e+002	2.9190000e+004
1.9000000e+002	2.9335000e+004
1.8900000e+002	2.9002500e+004
1.8800000e+002	2.9095000e+004
1.8700000e+002	2.8322500e+004
1.8600000e+002	2.8025000e+004
1.8500000e+002	2.8015000e+004
1.8400000e+002	2.7700000e+004
1.8300000e+002	2.7315000e+004
1.8200000e+002	2.7387500e+004
1.8100000e+002	2.7472500e+004
1.8000000e+002	2.8302500e+004
1.7900000e+002	2.8860000e+004
1.7800000e+002	3.0177500e+004
1.7700000e+002	3.1370000e+004
1.7600000e+002	3.2437500e+004
1.7500000e+002	3.3065000e+004
1.7400000e+002	3.2462500e+004
1.7300000e+002	3.2425000e+004
1.7200000e+002	3.0832500e+004
1.7100000e+002	2.9760000e+004
1.7000000e+002	2.8362500e+004
1.6900000e+002	2.7535000e+004
1.6800000e+002	2.7475000e+004
1.6700000e+002	2.7240000e+004
1.6600000e+002	2.6647500e+004
1.6500000e+002	2.6352500e+004
1.6400000e+002	2.6197500e+004
1.6300000e+002	2.5922500e+004
1.6200000e+002	2.5660000e+004
1.6100000e+002	2.5572500e+004
1.6000000e+002	2.5425000e+004
1.5900000e+002	2.4815000e+004
1.5800000e+002	2.4707500e+004
1.5700000e+002	2.4662500e+004
1.5600000e+002	2.5085000e+004
1.5500000e+002	2.6760000e+004
1.5400000e+002	3.0180000e+004
1.5300000e+002	3.3595000e+004
1.5200000e+002	3.6317500e+004
1.5100000e+002	3.9277500e+004
1.5000000e+002	4.3492500e+004
1.4900000e+002	4.9120000e+004
1.4800000e+002	5.1332500e+004
1.4700000e+002	5.0895000e+004
1.4600000e+002	4.6817500e+004
1.4500000e+002	4.0877500e+004
1.4400000e+002	3.4730000e+004
1.4300000e+002	2.6502500e+004
1.4200000e+002	1.6920000e+004
1.4100000e+002	1.0817500e+004
1.4000000e+002	8.8650000e+003
1.3900000e+002	8.3975000e+003
1.3800000e+002	8.3250000e+003
1.3700000e+002	8.0725000e+003
1.3600000e+002	7.9750000e+003
1.3500000e+002	8.0675000e+003
1.3400000e+002	8.0400000e+003
1.3300000e+002	8.0925000e+003
1.3200000e+002	8.0775000e+003
1.3100000e+002	8.2525000e+003
1.3000000e+002	8.4225000e+003
1.2900000e+002	8.1550000e+003
1.2800000e+002	8.1700000e+003
1.2700000e+002	8.0900000e+003
1.2600000e+002	7.9075000e+003
1.2500000e+002	8.0850000e+003
1.2400000e+002	7.9725000e+003
1.2300000e+002	7.9050000e+003
1.2200000e+002	8.0950000e+003
1.2100000e+002	8.0500000e+003
1.2000000e+002	8.1375000e+003
1.1900000e+002	7.8975000e+003
1.1800000e+002	8.0275000e+003
1.1700000e+002	7.9625000e+003
1.1600000e+002	7.9475000e+003
1.1500000e+002	8.0300000e+003
1.1400000e+002	8.1975000e+003
1.1300000e+002	8.1575000e+003
1.1200000e+002	8.1525000e+003
1.1100000e+002	8.2025000e+003
1.1000000e+002	8.3775000e+003
1.0900000e+002	8.2775000e+003
1.0800000e+002	8.0675000e+003
1.0700000e+002	8.0500000e+003
1.0600000e+002	8.4875000e+003
1.0500000e+002	8.3600000e+003
1.0400000e+002	8.2725000e+003
1.0300000e+002	8.7100000e+003
1.0200000e+002	8.8850000e+003
1.0100000e+002	9.1025000e+003
1.0000000e+002	9.5650000e+003
9.9000000e+001	9.2325000e+003
9.8000000e+001	8.7600000e+003
9.7000000e+001	8.5175000e+003
9.6000000e+001	8.4725000e+003
9.5000000e+001	8.4650000e+003
9.4000000e+001	8.6975000e+003
9.3000000e+001	8.7800000e+003
9.2000000e+001	8.3650000e+003
9.1000000e+001	8.4900000e+003
9.0000000e+001	8.7075000e+003
8.9000000e+001	8.6350000e+003
8.8000000e+001	8.6675000e+003
8.7000000e+001	8.5025000e+003
8.6000000e+001	8.5850000e+003
8.5000000e+001	8.6550000e+003
8.4000000e+001	8.7150000e+003
8.3000000e+001	8.7575000e+003
8.2000000e+001	8.7500000e+003
8.1000000e+001	8.6250000e+003
8.0000000e+001	8.6325000e+003
7.9000000e+001	8.4900000e+003
7.8000000e+001	8.8575000e+003
7.7000000e+001	9.0200000e+003
7.6000000e+001	9.0175000e+003
7.5000000e+001	8.9875000e+003
7.4000000e+001	8.9850000e+003
7.3000000e+001	9.1225000e+003
7.2000000e+001	9.2600000e+003
7.1000000e+001	9.1800000e+003
7.0000000e+001	9.4275000e+003
6.9000000e+001	9.3125000e+003
6.8000000e+001	9.2250000e+003
6.7000000e+001	9.2575000e+003
6.6000000e+001	9.2300000e+003
6.5000000e+001	9.4000000e+003
6.4000000e+001	9.5000000e+003
6.3000000e+001	9.5550000e+003
6.2000000e+001	9.5500000e+003
6.1000000e+001	9.4725000e+003
6.0000000e+001	9.2100000e+003
5.9000000e+001	9.0125000e+003
5.8000000e+001	8.8500000e+003
5.7000000e+001	8.8500000e+003
5.6000000e+001	8.7700000e+003
5.5000000e+001	8.5900000e+003
5.4000000e+001	9.1925000e+003
5.3000000e+001	9.7375000e+003
5.2000000e+001	1.0672500e+004
5.1000000e+001	1.2335000e+004
5.0000000e+001	1.2345000e+004
4.9000000e+001	1.1312500e+004
4.8000000e+001	1.0555000e+004
4.7000000e+001	1.0177500e+004
4.6000000e+001	9.7900000e+003
4.5000000e+001	1.0040000e+004
4.4000000e+001	1.0057500e+004
4.3000000e+001	1.0060000e+004
4.2000000e+001	1.0052500e+004
4.1000000e+001	9.2775000e+003
4.0000000e+001	8.9125000e+003
3.9000000e+001	7.9975000e+003
3.8000000e+001	7.7050000e+003
3.7000000e+001	7.0875000e+003
3.6000000e+001	6.9400000e+003
3.5000000e+001	6.8900000e+003
3.4000000e+001	6.8925000e+003
3.3000000e+001	7.1500000e+003
3.2000000e+001	7.4975000e+003
3.1000000e+001	8.5650000e+003
3.0000000e+001	1.1695000e+004
2.9000000e+001	1.5135000e+004
2.8000000e+001	1.4985000e+004
2.7000000e+001	1.1957500e+004
2.6000000e+001	9.9650000e+003
2.5000000e+001	8.8875000e+003
2.4000000e+001	8.3425000e+003
2.3000000e+001	8.7375000e+003
2.2000000e+001	1.1125000e+004
2.1000000e+001	1.2982500e+004
2.0000000e+001	1.2945000e+004
1.9000000e+001	1.2062500e+004
1.8000000e+001	1.0697500e+004
1.7000000e+001	8.4275000e+003
1.6000000e+001	6.1050000e+003
1.5000000e+001	3.8775000e+003
1.4000000e+001	2.6975000e+003
1.3000000e+001	2.1975000e+003
1.2000000e+001	2.3275000e+003
1.1000000e+001	3.5200000e+003
1.0000000e+001	6.6350000e+003
9.0000000e+000	1.1202500e+004
8.0000000e+000	1.4497500e+004
7.0000000e+000	1.4595000e+004
6.0000000e+000	1.4110000e+004
5.0000000e+000	1.2730000e+004
4.0000000e+000	9.8600000e+003
3.0000000e+000	7.0550000e+003
2.0000000e+000	5.3275000e+003
1.0000000e+000	4.5700000e+003
0.0000000e+000	3.9375000e+003
