1.4000000e+003	2.3718000e+005
1.3990000e+003	2.3328800e+005
1.3980000e+003	2.2746000e+005
1.3970000e+003	2.2190500e+005
1.3960000e+003	2.1580300e+005
1.3950000e+003	2.0996300e+005
1.3940000e+003	2.0338800e+005
1.3930000e+003	1.9653300e+005
1.3920000e+003	1.9044000e+005
1.3910000e+003	1.8773800e+005
1.3900000e+003	1.8539300e+005
1.3890000e+003	1.8221500e+005
1.3880000e+003	1.8018800e+005
1.3870000e+003	1.7709500e+005
1.3860000e+003	1.7567000e+005
1.3850000e+003	1.7278000e+005
1.3840000e+003	1.7040300e+005
1.3830000e+003	1.6864500e+005
1.3820000e+003	1.6559000e+005
1.3810000e+003	1.6316500e+005
1.3800000e+003	1.6106300e+005
1.3790000e+003	1.5825000e+005
1.3780000e+003	1.5590300e+005
1.3770000e+003	1.5195800e+005
1.3760000e+003	1.4995500e+005
1.3750000e+003	1.4725300e+005
1.3740000e+003	1.4599800e+005
1.3730000e+003	1.4439800e+005
1.3720000e+003	1.4125300e+005
1.3710000e+003	1.3977000e+005
1.3700000e+003	1.3832800e+005
1.3690000e+003	1.3684000e+005
1.3680000e+003	1.3508800e+005
1.3670000e+003	1.3162500e+005
1.3660000e+003	1.3121000e+005
1.3650000e+003	1.3076000e+005
1.3640000e+003	1.2913000e+005
1.3630000e+003	1.2748300e+005
1.3620000e+003	1.2646300e+005
1.3610000e+003	1.2611300e+005
1.3600000e+003	1.2529800e+005
1.3590000e+003	1.2361500e+005
1.3580000e+003	1.2167000e+005
1.3570000e+003	1.2182500e+005
1.3560000e+003	1.2157300e+005
1.3550000e+003	1.2017800e+005
1.3540000e+003	1.1953800e+005
1.3530000e+003	1.1971300e+005
1.3520000e+003	1.1848300e+005
1.3510000e+003	1.1766000e+005
1.3500000e+003	1.1682500e+005
1.3490000e+003	1.1748800e+005
1.3480000e+003	1.1750300e+005
1.3470000e+003	1.1653000e+005
1.3460000e+003	1.1594000e+005
1.3450000e+003	1.1614500e+005
1.3440000e+003	1.1568800e+005
1.3430000e+003	1.1490800e+005
1.3420000e+003	1.1569500e+005
1.3410000e+003	1.1497300e+005
1.3400000e+003	1.1408800e+005
1.3390000e+003	1.1322800e+005
1.3380000e+003	1.1389800e+005
1.3370000e+003	1.1235500e+005
1.3360000e+003	1.1324500e+005
1.3350000e+003	1.1157500e+005
1.3340000e+003	1.1165500e+005
1.3330000e+003	1.1165500e+005
1.3320000e+003	1.1127000e+005
1.3310000e+003	1.1131300e+005
1.3300000e+003	1.1153000e+005
1.3290000e+003	1.1134500e+005
1.3280000e+003	1.1080300e+005
1.3270000e+003	1.1169300e+005
1.3260000e+003	1.1205300e+005
1.3250000e+003	1.1238300e+005
1.3240000e+003	1.1318000e+005
1.3230000e+003	1.1364000e+005
1.3220000e+003	1.1454500e+005
1.3210000e+003	1.1501800e+005
1.3200000e+003	1.1400800e+005
1.3190000e+003	1.1505300e+005
1.3180000e+003	1.1609800e+005
1.3170000e+003	1.1624300e+005
1.3160000e+003	1.1698500e+005
1.3150000e+003	1.1840500e+005
1.3140000e+003	1.1748000e+005
1.3130000e+003	1.1789500e+005
1.3120000e+003	1.1921300e+005
1.3110000e+003	1.1971300e+005
1.3100000e+003	1.2095300e+005
1.3090000e+003	1.2129500e+005
1.3080000e+003	1.2118500e+005
1.3070000e+003	1.2243800e+005
1.3060000e+003	1.2261800e+005
1.3050000e+003	1.2287800e+005
1.3040000e+003	1.2232000e+005
1.3030000e+003	1.2215300e+005
1.3020000e+003	1.2308500e+005
1.3010000e+003	1.2300300e+005
1.3000000e+003	1.2220500e+005
1.2990000e+003	1.2238500e+005
1.2980000e+003	1.2329000e+005
1.2970000e+003	1.2339500e+005
1.2960000e+003	1.2269000e+005
1.2950000e+003	1.2221800e+005
1.2940000e+003	1.2284300e+005
1.2930000e+003	1.2388500e+005
1.2920000e+003	1.2469300e+005
1.2910000e+003	1.2313000e+005
1.2900000e+003	1.2390800e+005
1.2890000e+003	1.2457800e+005
1.2880000e+003	1.2460300e+005
1.2870000e+003	1.2427500e+005
1.2860000e+003	1.2490300e+005
1.2850000e+003	1.2508800e+005
1.2840000e+003	1.2608300e+005
1.2830000e+003	1.2525000e+005
1.2820000e+003	1.2502000e+005
1.2810000e+003	1.2564300e+005
1.2800000e+003	1.2661000e+005
1.2790000e+003	1.2600300e+005
1.2780000e+003	1.2670500e+005
1.2770000e+003	1.2681300e+005
1.2760000e+003	1.2709000e+005
1.2750000e+003	1.2726000e+005
1.2740000e+003	1.2822000e+005
1.2730000e+003	1.2850000e+005
1.2720000e+003	1.2787500e+005
1.2710000e+003	1.2813300e+005
1.2700000e+003	1.2854300e+005
1.2690000e+003	1.2842800e+005
1.2680000e+003	1.2919300e+005
1.2670000e+003	1.2930500e+005
1.2660000e+003	1.2926300e+005
1.2650000e+003	1.2994300e+005
1.2640000e+003	1.3033800e+005
1.2630000e+003	1.3028800e+005
1.2620000e+003	1.3047500e+005
1.2610000e+003	1.2986300e+005
1.2600000e+003	1.3131300e+005
1.2590000e+003	1.3174500e+005
1.2580000e+003	1.3179800e+005
1.2570000e+003	1.3147800e+005
1.2560000e+003	1.3172300e+005
1.2550000e+003	1.3242500e+005
1.2540000e+003	1.3244300e+005
1.2530000e+003	1.3280800e+005
1.2520000e+003	1.3371000e+005
1.2510000e+003	1.3524500e+005
1.2500000e+003	1.3615500e+005
1.2490000e+003	1.3688800e+005
1.2480000e+003	1.3891000e+005
1.2470000e+003	1.4013800e+005
1.2460000e+003	1.3965800e+005
1.2450000e+003	1.4007800e+005
1.2440000e+003	1.4025300e+005
1.2430000e+003	1.4033800e+005
1.2420000e+003	1.3958000e+005
1.2410000e+003	1.3917800e+005
1.2400000e+003	1.3747000e+005
1.2390000e+003	1.3621800e+005
1.2380000e+003	1.3652000e+005
1.2370000e+003	1.3689500e+005
1.2360000e+003	1.3578000e+005
1.2350000e+003	1.3656800e+005
1.2340000e+003	1.3699300e+005
1.2330000e+003	1.3675800e+005
1.2320000e+003	1.3725800e+005
1.2310000e+003	1.3755000e+005
1.2300000e+003	1.3758800e+005
1.2290000e+003	1.3810000e+005
1.2280000e+003	1.3887800e+005
1.2270000e+003	1.3828800e+005
1.2260000e+003	1.3773300e+005
1.2250000e+003	1.3903800e+005
1.2240000e+003	1.3915300e+005
1.2230000e+003	1.3815500e+005
1.2220000e+003	1.3740300e+005
1.2210000e+003	1.3669800e+005
1.2200000e+003	1.3716800e+005
1.2190000e+003	1.3638500e+005
1.2180000e+003	1.3737000e+005
1.2170000e+003	1.3701800e+005
1.2160000e+003	1.3703800e+005
1.2150000e+003	1.3551800e+005
1.2140000e+003	1.3638500e+005
1.2130000e+003	1.3719500e+005
1.2120000e+003	1.3668000e+005
1.2110000e+003	1.3690300e+005
1.2100000e+003	1.3685300e+005
1.2090000e+003	1.3746500e+005
1.2080000e+003	1.3727500e+005
1.2070000e+003	1.3715300e+005
1.2060000e+003	1.3753800e+005
1.2050000e+003	1.3845500e+005
1.2040000e+003	1.3790500e+005
1.2030000e+003	1.3776000e+005
1.2020000e+003	1.4076300e+005
1.2010000e+003	1.3988300e+005
1.2000000e+003	1.3962800e+005
1.1990000e+003	1.4005300e+005
1.1980000e+003	1.4041500e+005
1.1970000e+003	1.4178800e+005
1.1960000e+003	1.4133500e+005
1.1950000e+003	1.4065000e+005
1.1940000e+003	1.4237300e+005
1.1930000e+003	1.4184000e+005
1.1920000e+003	1.4264800e+005
1.1910000e+003	1.4300300e+005
1.1900000e+003	1.4214500e+005
1.1890000e+003	1.4199300e+005
1.1880000e+003	1.4216500e+005
1.1870000e+003	1.4267300e+005
1.1860000e+003	1.4412800e+005
1.1850000e+003	1.4332000e+005
1.1840000e+003	1.4429300e+005
1.1830000e+003	1.4452800e+005
1.1820000e+003	1.4498300e+005
1.1810000e+003	1.4526500e+005
1.1800000e+003	1.4568800e+005
1.1790000e+003	1.4536000e+005
1.1780000e+003	1.4606000e+005
1.1770000e+003	1.4505500e+005
1.1760000e+003	1.4595000e+005
1.1750000e+003	1.4575300e+005
1.1740000e+003	1.4684300e+005
1.1730000e+003	1.4689800e+005
1.1720000e+003	1.4608800e+005
1.1710000e+003	1.4623500e+005
1.1700000e+003	1.4659800e+005
1.1690000e+003	1.4666300e+005
1.1680000e+003	1.4632800e+005
1.1670000e+003	1.4689000e+005
1.1660000e+003	1.4736000e+005
1.1650000e+003	1.4730800e+005
1.1640000e+003	1.4752800e+005
1.1630000e+003	1.4792300e+005
1.1620000e+003	1.4790300e+005
1.1610000e+003	1.4917800e+005
1.1600000e+003	1.4827800e+005
1.1590000e+003	1.4978000e+005
1.1580000e+003	1.5035500e+005
1.1570000e+003	1.5106300e+005
1.1560000e+003	1.5190800e+005
1.1550000e+003	1.5269800e+005
1.1540000e+003	1.5289500e+005
1.1530000e+003	1.5451000e+005
1.1520000e+003	1.5505800e+005
1.1510000e+003	1.5408500e+005
1.1500000e+003	1.5524000e+005
1.1490000e+003	1.5476300e+005
1.1480000e+003	1.5465800e+005
1.1470000e+003	1.5381300e+005
1.1460000e+003	1.5308000e+005
1.1450000e+003	1.5228800e+005
1.1440000e+003	1.5210300e+005
1.1430000e+003	1.5085300e+005
1.1420000e+003	1.5169000e+005
1.1410000e+003	1.5144500e+005
1.1400000e+003	1.5009800e+005
1.1390000e+003	1.4984000e+005
1.1380000e+003	1.5064300e+005
1.1370000e+003	1.4991500e+005
1.1360000e+003	1.5058500e+005
1.1350000e+003	1.5040500e+005
1.1340000e+003	1.5155500e+005
1.1330000e+003	1.5038000e+005
1.1320000e+003	1.5204500e+005
1.1310000e+003	1.5244800e+005
1.1300000e+003	1.5296000e+005
1.1290000e+003	1.5289300e+005
1.1280000e+003	1.5263300e+005
1.1270000e+003	1.5364800e+005
1.1260000e+003	1.5348500e+005
1.1250000e+003	1.5366800e+005
1.1240000e+003	1.5466000e+005
1.1230000e+003	1.5563300e+005
1.1220000e+003	1.5530800e+005
1.1210000e+003	1.5644000e+005
1.1200000e+003	1.5626500e+005
1.1190000e+003	1.5660800e+005
1.1180000e+003	1.5668800e+005
1.1170000e+003	1.5574800e+005
1.1160000e+003	1.5678500e+005
1.1150000e+003	1.5635500e+005
1.1140000e+003	1.5617300e+005
1.1130000e+003	1.5667500e+005
1.1120000e+003	1.5634300e+005
1.1110000e+003	1.5659500e+005
1.1100000e+003	1.5673300e+005
1.1090000e+003	1.5694800e+005
1.1080000e+003	1.5673500e+005
1.1070000e+003	1.5722300e+005
1.1060000e+003	1.5850500e+005
1.1050000e+003	1.5810000e+005
1.1040000e+003	1.5779800e+005
1.1030000e+003	1.5732300e+005
1.1020000e+003	1.5971000e+005
1.1010000e+003	1.6013000e+005
1.1000000e+003	1.5898000e+005
1.0990000e+003	1.5957500e+005
1.0980000e+003	1.5911800e+005
1.0970000e+003	1.6081300e+005
1.0960000e+003	1.6109300e+005
1.0950000e+003	1.6126300e+005
1.0940000e+003	1.6143500e+005
1.0930000e+003	1.6118300e+005
1.0920000e+003	1.6132000e+005
1.0910000e+003	1.6248300e+005
1.0900000e+003	1.6252000e+005
1.0890000e+003	1.6408500e+005
1.0880000e+003	1.6444800e+005
1.0870000e+003	1.6482000e+005
1.0860000e+003	1.6348300e+005
1.0850000e+003	1.6459500e+005
1.0840000e+003	1.6546000e+005
1.0830000e+003	1.6430800e+005
1.0820000e+003	1.6633800e+005
1.0810000e+003	1.6611000e+005
1.0800000e+003	1.6570500e+005
1.0790000e+003	1.6649800e+005
1.0780000e+003	1.6570300e+005
1.0770000e+003	1.6737800e+005
1.0760000e+003	1.6672500e+005
1.0750000e+003	1.6803300e+005
1.0740000e+003	1.6779000e+005
1.0730000e+003	1.6881300e+005
1.0720000e+003	1.6850000e+005
1.0710000e+003	1.6905000e+005
1.0700000e+003	1.6847800e+005
1.0690000e+003	1.7033000e+005
1.0680000e+003	1.7012000e+005
1.0670000e+003	1.7010500e+005
1.0660000e+003	1.7027800e+005
1.0650000e+003	1.7075300e+005
1.0640000e+003	1.7025800e+005
1.0630000e+003	1.7119800e+005
1.0620000e+003	1.7232000e+005
1.0610000e+003	1.7123800e+005
1.0600000e+003	1.7167500e+005
1.0590000e+003	1.7226000e+005
1.0580000e+003	1.7264000e+005
1.0570000e+003	1.7430300e+005
1.0560000e+003	1.7333000e+005
1.0550000e+003	1.7341000e+005
1.0540000e+003	1.7460800e+005
1.0530000e+003	1.7457000e+005
1.0520000e+003	1.7542300e+005
1.0510000e+003	1.7582300e+005
1.0500000e+003	1.7513000e+005
1.0490000e+003	1.7637000e+005
1.0480000e+003	1.7681800e+005
1.0470000e+003	1.7727300e+005
1.0460000e+003	1.7774500e+005
1.0450000e+003	1.7772500e+005
1.0440000e+003	1.7779000e+005
1.0430000e+003	1.7757800e+005
1.0420000e+003	1.7821500e+005
1.0410000e+003	1.7849500e+005
1.0400000e+003	1.7886000e+005
1.0390000e+003	1.8075500e+005
1.0380000e+003	1.8035500e+005
1.0370000e+003	1.8143800e+005
1.0360000e+003	1.8089500e+005
1.0350000e+003	1.8163300e+005
1.0340000e+003	1.8216500e+005
1.0330000e+003	1.8192800e+005
1.0320000e+003	1.8220800e+005
1.0310000e+003	1.8291800e+005
1.0300000e+003	1.8309000e+005
1.0290000e+003	1.8399300e+005
1.0280000e+003	1.8507800e+005
1.0270000e+003	1.8446000e+005
1.0260000e+003	1.8530000e+005
1.0250000e+003	1.8592800e+005
1.0240000e+003	1.8681800e+005
1.0230000e+003	1.8657000e+005
1.0220000e+003	1.8816800e+005
1.0210000e+003	1.8757500e+005
1.0200000e+003	1.8719000e+005
1.0190000e+003	1.8715300e+005
1.0180000e+003	1.8923000e+005
1.0170000e+003	1.9006300e+005
1.0160000e+003	1.8952500e+005
1.0150000e+003	1.9023300e+005
1.0140000e+003	1.9118500e+005
1.0130000e+003	1.9087300e+005
1.0120000e+003	1.9258800e+005
1.0110000e+003	1.9222500e+005
1.0100000e+003	1.9182000e+005
1.0090000e+003	1.9169000e+005
1.0080000e+003	1.9216500e+005
1.0070000e+003	1.9312800e+005
1.0060000e+003	1.9314000e+005
1.0050000e+003	1.9301300e+005
1.0040000e+003	1.9306300e+005
1.0030000e+003	1.9280500e+005
1.0020000e+003	1.9376300e+005
1.0010000e+003	1.9454300e+005
1.0000000e+003	1.9524000e+005
9.9900000e+002	1.9558000e+005
9.9800000e+002	1.9709500e+005
9.9700000e+002	1.9743800e+005
9.9600000e+002	1.9848000e+005
9.9500000e+002	2.0066000e+005
9.9400000e+002	2.0021500e+005
9.9300000e+002	2.0093000e+005
9.9200000e+002	1.9879300e+005
9.9100000e+002	1.9968800e+005
9.9000000e+002	1.9842500e+005
9.8900000e+002	1.9618500e+005
9.8800000e+002	1.9545000e+005
9.8700000e+002	1.9515000e+005
9.8600000e+002	1.9511800e+005
9.8500000e+002	1.9537000e+005
9.8400000e+002	1.9601500e+005
9.8300000e+002	1.9495800e+005
9.8200000e+002	1.9435000e+005
9.8100000e+002	1.9481300e+005
9.8000000e+002	1.9478800e+005
9.7900000e+002	1.9541000e+005
9.7800000e+002	1.9894800e+005
9.7700000e+002	2.0160800e+005
9.7600000e+002	2.0291300e+005
9.7500000e+002	2.0599500e+005
9.7400000e+002	2.0890000e+005
9.7300000e+002	2.1373300e+005
9.7200000e+002	2.1812500e+005
9.7100000e+002	2.1625300e+005
9.7000000e+002	2.0655300e+005
9.6900000e+002	1.9662300e+005
9.6800000e+002	1.9016300e+005
9.6700000e+002	1.8806300e+005
9.6600000e+002	1.8600500e+005
9.6500000e+002	1.8431000e+005
9.6400000e+002	1.8198000e+005
9.6300000e+002	1.7995800e+005
9.6200000e+002	1.7753300e+005
9.6100000e+002	1.7493300e+005
9.6000000e+002	1.7274000e+005
9.5900000e+002	1.7100300e+005
9.5800000e+002	1.7125500e+005
9.5700000e+002	1.7204800e+005
9.5600000e+002	1.7823000e+005
9.5500000e+002	1.8520000e+005
9.5400000e+002	1.9386500e+005
9.5300000e+002	2.0599000e+005
9.5200000e+002	2.1901500e+005
9.5100000e+002	2.2530800e+005
9.5000000e+002	2.1809800e+005
9.4900000e+002	2.0452800e+005
9.4800000e+002	1.9387800e+005
9.4700000e+002	1.8854500e+005
9.4600000e+002	1.8181000e+005
9.4500000e+002	1.7061000e+005
9.4400000e+002	1.5853300e+005
9.4300000e+002	1.5145000e+005
9.4200000e+002	1.4784000e+005
9.4100000e+002	1.4589300e+005
9.4000000e+002	1.4213800e+005
9.3900000e+002	1.3848300e+005
9.3800000e+002	1.3507500e+005
9.3700000e+002	1.3422800e+005
9.3600000e+002	1.3329800e+005
9.3500000e+002	1.3817500e+005
9.3400000e+002	1.5110800e+005
9.3300000e+002	1.7653000e+005
9.3200000e+002	2.1105300e+005
9.3100000e+002	2.3361000e+005
9.3000000e+002	2.3087500e+005
9.2900000e+002	2.0972000e+005
9.2800000e+002	1.9121500e+005
9.2700000e+002	1.8280300e+005
9.2600000e+002	1.7573800e+005
9.2500000e+002	1.5947500e+005
9.2400000e+002	1.3515500e+005
9.2300000e+002	1.1996300e+005
9.2200000e+002	1.1381800e+005
9.2100000e+002	1.1207500e+005
9.2000000e+002	1.1096000e+005
9.1900000e+002	1.0988500e+005
9.1800000e+002	1.0945500e+005
9.1700000e+002	1.1035000e+005
9.1600000e+002	1.0985000e+005
9.1500000e+002	1.1019800e+005
9.1400000e+002	1.0879300e+005
9.1300000e+002	1.0827300e+005
9.1200000e+002	1.0901800e+005
9.1100000e+002	1.0878000e+005
9.1000000e+002	1.0801500e+005
9.0900000e+002	1.0836800e+005
9.0800000e+002	1.0849800e+005
9.0700000e+002	1.0821300e+005
9.0600000e+002	1.0900300e+005
9.0500000e+002	1.0883000e+005
9.0400000e+002	1.0922500e+005
9.0300000e+002	1.0775000e+005
9.0200000e+002	1.0832000e+005
9.0100000e+002	1.0793300e+005
9.0000000e+002	1.0714000e+005
8.9900000e+002	1.0649500e+005
8.9800000e+002	1.0667000e+005
8.9700000e+002	1.0702500e+005
8.9600000e+002	1.0693300e+005
8.9500000e+002	1.0626300e+005
8.9400000e+002	1.0611800e+005
8.9300000e+002	1.0572000e+005
8.9200000e+002	1.0636000e+005
8.9100000e+002	1.0566000e+005
8.9000000e+002	1.0605000e+005
8.8900000e+002	1.0579500e+005
8.8800000e+002	1.0607500e+005
8.8700000e+002	1.0532500e+005
8.8600000e+002	1.0548300e+005
8.8500000e+002	1.0333800e+005
8.8400000e+002	1.0365500e+005
8.8300000e+002	1.0323000e+005
8.8200000e+002	1.0186500e+005
8.8100000e+002	1.0181500e+005
8.8000000e+002	1.0141800e+005
8.7900000e+002	1.0217300e+005
8.7800000e+002	1.0068000e+005
8.7700000e+002	1.0069000e+005
8.7600000e+002	1.0083800e+005
8.7500000e+002	1.0082300e+005
8.7400000e+002	1.0012000e+005
8.7300000e+002	1.0022300e+005
8.7200000e+002	9.9447500e+004
8.7100000e+002	9.9325000e+004
8.7000000e+002	9.9860000e+004
8.6900000e+002	9.9632500e+004
8.6800000e+002	9.8460000e+004
8.6700000e+002	9.8772500e+004
8.6600000e+002	9.7762500e+004
8.6500000e+002	9.8547500e+004
8.6400000e+002	9.9067500e+004
8.6300000e+002	9.9155000e+004
8.6200000e+002	9.8920000e+004
8.6100000e+002	9.8295000e+004
8.6000000e+002	9.8942500e+004
8.5900000e+002	9.8295000e+004
8.5800000e+002	9.9480000e+004
8.5700000e+002	9.8727500e+004
8.5600000e+002	9.8925000e+004
8.5500000e+002	9.8782500e+004
8.5400000e+002	9.8797500e+004
8.5300000e+002	9.9287500e+004
8.5200000e+002	9.8987500e+004
8.5100000e+002	9.9275000e+004
8.5000000e+002	1.0014000e+005
8.4900000e+002	9.9787500e+004
8.4800000e+002	9.9707500e+004
8.4700000e+002	9.9652500e+004
8.4600000e+002	1.0091800e+005
8.4500000e+002	1.0114500e+005
8.4400000e+002	1.0066300e+005
8.4300000e+002	1.0092800e+005
8.4200000e+002	1.0099500e+005
8.4100000e+002	1.0116800e+005
8.4000000e+002	1.0114500e+005
8.3900000e+002	1.0126300e+005
8.3800000e+002	1.0112800e+005
8.3700000e+002	1.0273500e+005
8.3600000e+002	1.0256800e+005
8.3500000e+002	1.0268500e+005
8.3400000e+002	1.0234500e+005
8.3300000e+002	1.0175300e+005
8.3200000e+002	1.0296500e+005
8.3100000e+002	1.0272800e+005
8.3000000e+002	1.0355500e+005
8.2900000e+002	1.0286500e+005
8.2800000e+002	1.0344000e+005
8.2700000e+002	1.0392500e+005
8.2600000e+002	1.0392500e+005
8.2500000e+002	1.0397500e+005
8.2400000e+002	1.0384500e+005
8.2300000e+002	1.0356500e+005
8.2200000e+002	1.0310000e+005
8.2100000e+002	1.0345000e+005
8.2000000e+002	1.0315000e+005
8.1900000e+002	1.0345000e+005
8.1800000e+002	1.0418300e+005
8.1700000e+002	1.0347000e+005
8.1600000e+002	1.0342800e+005
8.1500000e+002	1.0433500e+005
8.1400000e+002	1.0447300e+005
8.1300000e+002	1.0417500e+005
8.1200000e+002	1.0454000e+005
8.1100000e+002	1.0474000e+005
8.1000000e+002	1.0416800e+005
8.0900000e+002	1.0436300e+005
8.0800000e+002	1.0338800e+005
8.0700000e+002	1.0389000e+005
8.0600000e+002	1.0346500e+005
8.0500000e+002	1.0433800e+005
8.0400000e+002	1.0390500e+005
8.0300000e+002	1.0410500e+005
8.0200000e+002	1.0354800e+005
8.0100000e+002	1.0295500e+005
8.0000000e+002	1.0425500e+005
7.9900000e+002	1.0377800e+005
7.9800000e+002	1.0437000e+005
7.9700000e+002	1.0481000e+005
7.9600000e+002	1.0500500e+005
7.9500000e+002	1.0580300e+005
7.9400000e+002	1.0597800e+005
7.9300000e+002	1.0698800e+005
7.9200000e+002	1.0711000e+005
7.9100000e+002	1.0618300e+005
7.9000000e+002	1.0650500e+005
7.8900000e+002	1.0530500e+005
7.8800000e+002	1.0467300e+005
7.8700000e+002	1.0354300e+005
7.8600000e+002	1.0234300e+005
7.8500000e+002	9.9475000e+004
7.8400000e+002	9.8360000e+004
7.8300000e+002	9.5132500e+004
7.8200000e+002	9.2147500e+004
7.8100000e+002	8.9537500e+004
7.8000000e+002	8.6430000e+004
7.7900000e+002	8.3542500e+004
7.7800000e+002	8.1722500e+004
7.7700000e+002	8.0307500e+004
7.7600000e+002	7.9157500e+004
7.7500000e+002	7.7927500e+004
7.7400000e+002	7.6737500e+004
7.7300000e+002	7.6407500e+004
7.7200000e+002	7.4037500e+004
7.7100000e+002	7.3835000e+004
7.7000000e+002	7.3255000e+004
7.6900000e+002	7.1702500e+004
7.6800000e+002	7.0735000e+004
7.6700000e+002	6.8667500e+004
7.6600000e+002	6.7852500e+004
7.6500000e+002	6.6135000e+004
7.6400000e+002	6.4077500e+004
7.6300000e+002	6.3502500e+004
7.6200000e+002	6.2605000e+004
7.6100000e+002	6.1765000e+004
7.6000000e+002	6.0327500e+004
7.5900000e+002	5.9710000e+004
7.5800000e+002	5.9410000e+004
7.5700000e+002	5.9152500e+004
7.5600000e+002	5.8282500e+004
7.5500000e+002	5.8600000e+004
7.5400000e+002	5.8637500e+004
7.5300000e+002	5.8167500e+004
7.5200000e+002	5.8522500e+004
7.5100000e+002	5.7835000e+004
7.5000000e+002	5.8607500e+004
7.4900000e+002	5.8270000e+004
7.4800000e+002	5.8215000e+004
7.4700000e+002	5.8120000e+004
7.4600000e+002	5.8850000e+004
7.4500000e+002	5.8375000e+004
7.4400000e+002	5.8712500e+004
7.4300000e+002	5.8917500e+004
7.4200000e+002	5.8440000e+004
7.4100000e+002	5.8707500e+004
7.4000000e+002	5.8705000e+004
7.3900000e+002	5.9505000e+004
7.3800000e+002	5.8840000e+004
7.3700000e+002	5.9005000e+004
7.3600000e+002	5.9792500e+004
7.3500000e+002	5.9952500e+004
7.3400000e+002	6.0000000e+004
7.3300000e+002	5.9310000e+004
7.3200000e+002	5.9350000e+004
7.3100000e+002	5.9485000e+004
7.3000000e+002	6.0432500e+004
7.2900000e+002	6.0225000e+004
7.2800000e+002	5.9597500e+004
7.2700000e+002	6.0065000e+004
7.2600000e+002	5.9842500e+004
7.2500000e+002	5.9932500e+004
7.2400000e+002	6.0180000e+004
7.2300000e+002	6.0322500e+004
7.2200000e+002	6.0295000e+004
7.2100000e+002	6.0040000e+004
7.2000000e+002	6.0075000e+004
7.1900000e+002	6.0715000e+004
7.1800000e+002	6.0427500e+004
7.1700000e+002	6.0965000e+004
7.1600000e+002	6.1287500e+004
7.1500000e+002	6.2050000e+004
7.1400000e+002	6.1442500e+004
7.1300000e+002	6.1932500e+004
7.1200000e+002	6.1422500e+004
7.1100000e+002	6.1420000e+004
7.1000000e+002	6.1435000e+004
7.0900000e+002	6.2247500e+004
7.0800000e+002	6.1585000e+004
7.0700000e+002	6.1465000e+004
7.0600000e+002	6.1265000e+004
7.0500000e+002	6.1382500e+004
7.0400000e+002	5.9755000e+004
7.0300000e+002	6.0872500e+004
7.0200000e+002	6.0860000e+004
7.0100000e+002	6.0875000e+004
7.0000000e+002	6.0840000e+004
6.9900000e+002	6.0607500e+004
6.9800000e+002	6.1067500e+004
6.9700000e+002	6.1295000e+004
6.9600000e+002	6.1177500e+004
6.9500000e+002	6.2112500e+004
6.9400000e+002	6.2187500e+004
6.9300000e+002	6.2595000e+004
6.9200000e+002	6.2950000e+004
6.9100000e+002	6.3185000e+004
6.9000000e+002	6.3405000e+004
6.8900000e+002	6.3155000e+004
6.8800000e+002	6.2732500e+004
6.8700000e+002	6.2470000e+004
6.8600000e+002	6.1462500e+004
6.8500000e+002	6.0695000e+004
6.8400000e+002	6.0197500e+004
6.8300000e+002	6.0287500e+004
6.8200000e+002	6.0220000e+004
6.8100000e+002	6.0125000e+004
6.8000000e+002	5.9542500e+004
6.7900000e+002	6.0057500e+004
6.7800000e+002	6.0532500e+004
6.7700000e+002	6.1325000e+004
6.7600000e+002	6.2542500e+004
6.7500000e+002	6.2825000e+004
6.7400000e+002	6.2860000e+004
6.7300000e+002	6.2992500e+004
6.7200000e+002	6.1557500e+004
6.7100000e+002	6.0317500e+004
6.7000000e+002	5.9342500e+004
6.6900000e+002	5.7715000e+004
6.6800000e+002	5.6670000e+004
6.6700000e+002	5.5162500e+004
6.6600000e+002	5.4930000e+004
6.6500000e+002	5.3830000e+004
6.6400000e+002	5.3140000e+004
6.6300000e+002	5.3025000e+004
6.6200000e+002	5.3547500e+004
6.6100000e+002	5.3620000e+004
6.6000000e+002	5.3080000e+004
6.5900000e+002	5.4285000e+004
6.5800000e+002	5.4340000e+004
6.5700000e+002	5.3537500e+004
6.5600000e+002	5.3752500e+004
6.5500000e+002	5.3237500e+004
6.5400000e+002	5.3147500e+004
6.5300000e+002	5.2587500e+004
6.5200000e+002	5.2440000e+004
6.5100000e+002	5.1420000e+004
6.5000000e+002	5.1772500e+004
6.4900000e+002	5.1250000e+004
6.4800000e+002	5.0300000e+004
6.4700000e+002	5.0402500e+004
6.4600000e+002	5.0225000e+004
6.4500000e+002	4.9870000e+004
6.4400000e+002	4.9782500e+004
6.4300000e+002	4.9675000e+004
6.4200000e+002	5.0242500e+004
6.4100000e+002	4.9580000e+004
6.4000000e+002	4.9890000e+004
6.3900000e+002	5.0057500e+004
6.3800000e+002	5.0137500e+004
6.3700000e+002	4.9955000e+004
6.3600000e+002	4.9917500e+004
6.3500000e+002	5.0310000e+004
6.3400000e+002	5.0587500e+004
6.3300000e+002	5.1090000e+004
6.3200000e+002	5.0380000e+004
6.3100000e+002	5.0282500e+004
6.3000000e+002	5.0347500e+004
6.2900000e+002	5.0925000e+004
6.2800000e+002	5.0972500e+004
6.2700000e+002	5.0637500e+004
6.2600000e+002	5.1232500e+004
6.2500000e+002	5.0410000e+004
6.2400000e+002	5.0967500e+004
6.2300000e+002	5.0445000e+004
6.2200000e+002	5.0615000e+004
6.2100000e+002	5.1065000e+004
6.2000000e+002	5.0925000e+004
6.1900000e+002	5.1195000e+004
6.1800000e+002	5.1550000e+004
6.1700000e+002	5.1107500e+004
6.1600000e+002	5.1655000e+004
6.1500000e+002	5.2190000e+004
6.1400000e+002	5.1657500e+004
6.1300000e+002	5.1472500e+004
6.1200000e+002	5.1500000e+004
6.1100000e+002	5.1515000e+004
6.1000000e+002	5.1687500e+004
6.0900000e+002	5.1520000e+004
6.0800000e+002	5.1650000e+004
6.0700000e+002	5.1930000e+004
6.0600000e+002	5.2370000e+004
6.0500000e+002	5.2145000e+004
6.0400000e+002	5.2302500e+004
6.0300000e+002	5.2787500e+004
6.0200000e+002	5.2990000e+004
6.0100000e+002	5.2325000e+004
6.0000000e+002	5.2790000e+004
5.9900000e+002	5.2367500e+004
5.9800000e+002	5.2822500e+004
5.9700000e+002	5.3452500e+004
5.9600000e+002	5.2847500e+004
5.9500000e+002	5.3100000e+004
5.9400000e+002	5.3057500e+004
5.9300000e+002	5.3147500e+004
5.9200000e+002	5.3217500e+004
5.9100000e+002	5.3330000e+004
5.9000000e+002	5.3170000e+004
5.8900000e+002	5.3202500e+004
5.8800000e+002	5.3335000e+004
5.8700000e+002	5.3060000e+004
5.8600000e+002	5.3882500e+004
5.8500000e+002	5.3400000e+004
5.8400000e+002	5.3582500e+004
5.8300000e+002	5.3527500e+004
5.8200000e+002	5.3425000e+004
5.8100000e+002	5.3400000e+004
5.8000000e+002	5.3150000e+004
5.7900000e+002	5.3645000e+004
5.7800000e+002	5.3865000e+004
5.7700000e+002	5.3972500e+004
5.7600000e+002	5.4060000e+004
5.7500000e+002	5.4075000e+004
5.7400000e+002	5.4425000e+004
5.7300000e+002	5.5260000e+004
5.7200000e+002	5.5107500e+004
5.7100000e+002	5.5227500e+004
5.7000000e+002	5.5735000e+004
5.6900000e+002	5.6002500e+004
5.6800000e+002	5.5615000e+004
5.6700000e+002	5.4415000e+004
5.6600000e+002	5.4107500e+004
5.6500000e+002	5.3580000e+004
5.6400000e+002	5.4295000e+004
5.6300000e+002	5.4050000e+004
5.6200000e+002	5.3327500e+004
5.6100000e+002	5.3700000e+004
5.6000000e+002	5.5412500e+004
5.5900000e+002	5.5050000e+004
5.5800000e+002	5.4672500e+004
5.5700000e+002	5.5575000e+004
5.5600000e+002	5.5702500e+004
5.5500000e+002	5.5505000e+004
5.5400000e+002	5.4860000e+004
5.5300000e+002	5.5047500e+004
5.5200000e+002	5.4870000e+004
5.5100000e+002	5.4832500e+004
5.5000000e+002	5.4070000e+004
5.4900000e+002	5.4332500e+004
5.4800000e+002	5.4782500e+004
5.4700000e+002	5.5955000e+004
5.4600000e+002	5.5575000e+004
5.4500000e+002	5.5490000e+004
5.4400000e+002	5.4605000e+004
5.4300000e+002	5.4460000e+004
5.4200000e+002	5.3975000e+004
5.4100000e+002	5.2807500e+004
5.4000000e+002	5.1115000e+004
5.3900000e+002	4.7902500e+004
5.3800000e+002	4.5790000e+004
5.3700000e+002	4.4355000e+004
5.3600000e+002	4.2782500e+004
5.3500000e+002	4.2215000e+004
5.3400000e+002	4.2000000e+004
5.3300000e+002	4.4085000e+004
5.3200000e+002	5.3262500e+004
5.3100000e+002	6.7745000e+004
5.3000000e+002	7.8032500e+004
5.2900000e+002	8.6375000e+004
5.2800000e+002	1.1249500e+005
5.2700000e+002	1.3503800e+005
5.2600000e+002	1.0496500e+005
5.2500000e+002	5.8242500e+004
5.2400000e+002	4.0397500e+004
5.2300000e+002	3.8837500e+004
5.2200000e+002	3.8400000e+004
5.2100000e+002	3.8110000e+004
5.2000000e+002	3.7892500e+004
5.1900000e+002	3.7852500e+004
5.1800000e+002	3.7485000e+004
5.1700000e+002	3.7902500e+004
5.1600000e+002	3.7327500e+004
5.1500000e+002	3.7965000e+004
5.1400000e+002	3.7895000e+004
5.1300000e+002	3.8107500e+004
5.1200000e+002	3.8830000e+004
5.1100000e+002	3.9422500e+004
5.1000000e+002	3.9885000e+004
5.0900000e+002	3.9447500e+004
5.0800000e+002	3.9055000e+004
5.0700000e+002	3.8272500e+004
5.0600000e+002	3.7090000e+004
5.0500000e+002	3.6742500e+004
5.0400000e+002	3.6852500e+004
5.0300000e+002	3.6885000e+004
5.0200000e+002	3.7627500e+004
5.0100000e+002	4.0007500e+004
5.0000000e+002	4.2352500e+004
4.9900000e+002	4.5650000e+004
4.9800000e+002	4.7740000e+004
4.9700000e+002	4.6310000e+004
4.9600000e+002	4.2570000e+004
4.9500000e+002	3.9745000e+004
4.9400000e+002	3.6985000e+004
4.9300000e+002	3.5565000e+004
4.9200000e+002	3.5420000e+004
4.9100000e+002	3.4670000e+004
4.9000000e+002	3.4587500e+004
4.8900000e+002	3.4190000e+004
4.8800000e+002	3.3767500e+004
4.8700000e+002	3.3812500e+004
4.8600000e+002	3.4312500e+004
4.8500000e+002	3.4247500e+004
4.8400000e+002	3.4220000e+004
4.8300000e+002	3.3870000e+004
4.8200000e+002	3.4110000e+004
4.8100000e+002	3.4207500e+004
4.8000000e+002	3.3722500e+004
4.7900000e+002	3.3572500e+004
4.7800000e+002	3.3655000e+004
4.7700000e+002	3.3687500e+004
4.7600000e+002	3.4187500e+004
4.7500000e+002	3.3900000e+004
4.7400000e+002	3.3900000e+004
4.7300000e+002	3.3665000e+004
4.7200000e+002	3.3982500e+004
4.7100000e+002	3.3885000e+004
4.7000000e+002	3.3817500e+004
4.6900000e+002	3.4195000e+004
4.6800000e+002	3.4172500e+004
4.6700000e+002	3.4140000e+004
4.6600000e+002	3.4345000e+004
4.6500000e+002	3.4262500e+004
4.6400000e+002	3.4090000e+004
4.6300000e+002	3.3960000e+004
4.6200000e+002	3.4270000e+004
4.6100000e+002	3.4032500e+004
4.6000000e+002	3.4012500e+004
4.5900000e+002	3.4272500e+004
4.5800000e+002	3.4292500e+004
4.5700000e+002	3.4215000e+004
4.5600000e+002	3.4095000e+004
4.5500000e+002	3.4820000e+004
4.5400000e+002	3.4615000e+004
4.5300000e+002	3.4872500e+004
4.5200000e+002	3.4640000e+004
4.5100000e+002	3.4630000e+004
4.5000000e+002	3.5042500e+004
4.4900000e+002	3.4802500e+004
4.4800000e+002	3.5202500e+004
4.4700000e+002	3.5465000e+004
4.4600000e+002	3.5615000e+004
4.4500000e+002	3.5565000e+004
4.4400000e+002	3.5620000e+004
4.4300000e+002	3.5507500e+004
4.4200000e+002	3.5510000e+004
4.4100000e+002	3.5665000e+004
4.4000000e+002	3.5435000e+004
4.3900000e+002	3.5467500e+004
4.3800000e+002	3.5225000e+004
4.3700000e+002	3.4845000e+004
4.3600000e+002	3.4995000e+004
4.3500000e+002	3.4872500e+004
4.3400000e+002	3.4782500e+004
4.3300000e+002	3.5142500e+004
4.3200000e+002	3.5512500e+004
4.3100000e+002	3.5570000e+004
4.3000000e+002	3.5120000e+004
4.2900000e+002	3.5417500e+004
4.2800000e+002	3.5635000e+004
4.2700000e+002	3.5305000e+004
4.2600000e+002	3.5682500e+004
4.2500000e+002	3.5395000e+004
4.2400000e+002	3.5215000e+004
4.2300000e+002	3.4840000e+004
4.2200000e+002	3.4842500e+004
4.2100000e+002	3.4967500e+004
4.2000000e+002	3.4755000e+004
4.1900000e+002	3.5020000e+004
4.1800000e+002	3.5775000e+004
4.1700000e+002	3.6230000e+004
4.1600000e+002	3.7195000e+004
4.1500000e+002	3.8010000e+004
4.1400000e+002	3.8182500e+004
4.1300000e+002	3.8295000e+004
4.1200000e+002	3.8862500e+004
4.1100000e+002	3.9805000e+004
4.1000000e+002	3.9237500e+004
4.0900000e+002	3.5235000e+004
4.0800000e+002	3.1085000e+004
4.0700000e+002	3.0145000e+004
4.0600000e+002	3.1900000e+004
4.0500000e+002	3.8045000e+004
4.0400000e+002	4.7360000e+004
4.0300000e+002	5.0860000e+004
4.0200000e+002	4.3607500e+004
4.0100000e+002	4.0327500e+004
4.0000000e+002	5.6327500e+004
3.9900000e+002	7.5625000e+004
3.9800000e+002	6.6387500e+004
3.9700000e+002	3.9735000e+004
3.9600000e+002	2.5845000e+004
3.9500000e+002	2.3572500e+004
3.9400000e+002	2.3400000e+004
3.9300000e+002	2.2602500e+004
3.9200000e+002	2.2545000e+004
3.9100000e+002	2.2562500e+004
3.9000000e+002	2.2167500e+004
3.8900000e+002	2.2125000e+004
3.8800000e+002	2.2472500e+004
3.8700000e+002	2.2862500e+004
3.8600000e+002	2.2207500e+004
3.8500000e+002	2.2607500e+004
3.8400000e+002	2.2872500e+004
3.8300000e+002	2.3182500e+004
3.8200000e+002	2.3477500e+004
3.8100000e+002	2.3217500e+004
3.8000000e+002	2.3515000e+004
3.7900000e+002	2.3502500e+004
3.7800000e+002	2.3265000e+004
3.7700000e+002	2.3677500e+004
3.7600000e+002	2.3452500e+004
3.7500000e+002	2.3342500e+004
3.7400000e+002	2.3475000e+004
3.7300000e+002	2.3630000e+004
3.7200000e+002	2.3525000e+004
3.7100000e+002	2.3850000e+004
3.7000000e+002	2.3572500e+004
3.6900000e+002	2.3325000e+004
3.6800000e+002	2.3220000e+004
3.6700000e+002	2.3445000e+004
3.6600000e+002	2.3667500e+004
3.6500000e+002	2.3722500e+004
3.6400000e+002	2.3147500e+004
3.6300000e+002	2.3577500e+004
3.6200000e+002	2.3852500e+004
3.6100000e+002	2.3307500e+004
3.6000000e+002	2.3487500e+004
3.5900000e+002	2.3852500e+004
3.5800000e+002	2.3765000e+004
3.5700000e+002	2.2982500e+004
3.5600000e+002	2.3387500e+004
3.5500000e+002	2.3602500e+004
3.5400000e+002	2.4005000e+004
3.5300000e+002	2.4277500e+004
3.5200000e+002	2.3947500e+004
3.5100000e+002	2.4637500e+004
3.5000000e+002	2.4517500e+004
3.4900000e+002	2.4467500e+004
3.4800000e+002	2.4880000e+004
3.4700000e+002	2.4672500e+004
3.4600000e+002	2.4985000e+004
3.4500000e+002	2.4690000e+004
3.4400000e+002	2.4677500e+004
3.4300000e+002	2.4975000e+004
3.4200000e+002	2.5320000e+004
3.4100000e+002	2.4975000e+004
3.4000000e+002	2.4547500e+004
3.3900000e+002	2.4577500e+004
3.3800000e+002	2.4792500e+004
3.3700000e+002	2.4855000e+004
3.3600000e+002	2.4690000e+004
3.3500000e+002	2.4497500e+004
3.3400000e+002	2.4717500e+004
3.3300000e+002	2.4652500e+004
3.3200000e+002	2.4725000e+004
3.3100000e+002	2.5057500e+004
3.3000000e+002	2.5037500e+004
3.2900000e+002	2.5117500e+004
3.2800000e+002	2.5267500e+004
3.2700000e+002	2.5637500e+004
3.2600000e+002	2.5955000e+004
3.2500000e+002	2.5375000e+004
3.2400000e+002	2.5145000e+004
3.2300000e+002	2.4895000e+004
3.2200000e+002	2.5090000e+004
3.2100000e+002	2.5610000e+004
3.2000000e+002	2.5570000e+004
3.1900000e+002	2.5410000e+004
3.1800000e+002	2.5740000e+004
3.1700000e+002	2.5587500e+004
3.1600000e+002	2.5810000e+004
3.1500000e+002	2.5860000e+004
3.1400000e+002	2.5582500e+004
3.1300000e+002	2.5447500e+004
3.1200000e+002	2.5745000e+004
3.1100000e+002	2.6027500e+004
3.1000000e+002	2.5797500e+004
3.0900000e+002	2.5945000e+004
3.0800000e+002	2.6890000e+004
3.0700000e+002	2.7125000e+004
3.0600000e+002	2.8067500e+004
3.0500000e+002	2.8932500e+004
3.0400000e+002	2.8875000e+004
3.0300000e+002	2.9425000e+004
3.0200000e+002	2.9622500e+004
3.0100000e+002	2.8955000e+004
3.0000000e+002	2.8717500e+004
2.9900000e+002	2.8055000e+004
2.9800000e+002	2.7090000e+004
2.9700000e+002	2.5947500e+004
2.9600000e+002	2.5662500e+004
2.9500000e+002	2.5262500e+004
2.9400000e+002	2.4892500e+004
2.9300000e+002	2.4542500e+004
2.9200000e+002	2.4607500e+004
2.9100000e+002	2.4215000e+004
2.9000000e+002	2.4275000e+004
2.8900000e+002	2.4960000e+004
2.8800000e+002	2.5177500e+004
2.8700000e+002	2.7070000e+004
2.8600000e+002	3.0970000e+004
2.8500000e+002	3.5320000e+004
2.8400000e+002	3.8595000e+004
2.8300000e+002	3.9710000e+004
2.8200000e+002	3.4272500e+004
2.8100000e+002	2.8185000e+004
2.8000000e+002	2.4210000e+004
2.7900000e+002	2.3990000e+004
2.7800000e+002	2.3987500e+004
2.7700000e+002	2.3720000e+004
2.7600000e+002	2.3710000e+004
2.7500000e+002	2.4005000e+004
2.7400000e+002	2.3995000e+004
2.7300000e+002	2.4197500e+004
2.7200000e+002	2.3925000e+004
2.7100000e+002	2.4200000e+004
2.7000000e+002	2.4245000e+004
2.6900000e+002	2.4382500e+004
2.6800000e+002	2.4282500e+004
2.6700000e+002	2.4217500e+004
2.6600000e+002	2.4200000e+004
2.6500000e+002	2.4582500e+004
2.6400000e+002	2.4460000e+004
2.6300000e+002	2.4592500e+004
2.6200000e+002	2.5052500e+004
2.6100000e+002	2.4785000e+004
2.6000000e+002	2.5105000e+004
2.5900000e+002	2.5452500e+004
2.5800000e+002	2.5495000e+004
2.5700000e+002	2.5552500e+004
2.5600000e+002	2.5550000e+004
2.5500000e+002	2.5185000e+004
2.5400000e+002	2.5652500e+004
2.5300000e+002	2.5225000e+004
2.5200000e+002	2.4640000e+004
2.5100000e+002	2.5075000e+004
2.5000000e+002	2.5022500e+004
2.4900000e+002	2.4920000e+004
2.4800000e+002	2.4795000e+004
2.4700000e+002	2.4907500e+004
2.4600000e+002	2.4652500e+004
2.4500000e+002	2.4120000e+004
2.4400000e+002	2.4127500e+004
2.4300000e+002	2.4255000e+004
2.4200000e+002	2.4100000e+004
2.4100000e+002	2.4277500e+004
2.4000000e+002	2.3900000e+004
2.3900000e+002	2.3532500e+004
2.3800000e+002	2.3575000e+004
2.3700000e+002	2.3475000e+004
2.3600000e+002	2.3462500e+004
2.3500000e+002	2.4065000e+004
2.3400000e+002	2.4555000e+004
2.3300000e+002	2.4862500e+004
2.3200000e+002	2.4922500e+004
2.3100000e+002	2.4625000e+004
2.3000000e+002	2.4237500e+004
2.2900000e+002	2.3920000e+004
2.2800000e+002	2.3937500e+004
2.2700000e+002	2.3117500e+004
2.2600000e+002	2.2682500e+004
2.2500000e+002	2.1995000e+004
2.2400000e+002	2.1477500e+004
2.2300000e+002	2.1005000e+004
2.2200000e+002	2.0882500e+004
2.2100000e+002	2.1330000e+004
2.2000000e+002	2.2692500e+004
2.1900000e+002	2.5367500e+004
2.1800000e+002	2.7997500e+004
2.1700000e+002	3.0387500e+004
2.1600000e+002	3.1030000e+004
2.1500000e+002	3.1002500e+004
2.1400000e+002	3.0032500e+004
2.1300000e+002	2.8792500e+004
2.1200000e+002	2.5747500e+004
2.1100000e+002	2.2437500e+004
2.1000000e+002	1.9655000e+004
2.0900000e+002	1.8415000e+004
2.0800000e+002	1.8077500e+004
2.0700000e+002	1.7765000e+004
2.0600000e+002	1.7992500e+004
2.0500000e+002	1.7590000e+004
2.0400000e+002	1.7707500e+004
2.0300000e+002	1.7535000e+004
2.0200000e+002	1.7602500e+004
2.0100000e+002	1.7640000e+004
2.0000000e+002	1.7570000e+004
1.9900000e+002	1.7595000e+004
1.9800000e+002	1.8155000e+004
1.9700000e+002	1.7725000e+004
1.9600000e+002	1.7942500e+004
1.9500000e+002	1.7987500e+004
1.9400000e+002	1.7545000e+004
1.9300000e+002	1.8012500e+004
1.9200000e+002	1.7862500e+004
1.9100000e+002	1.7897500e+004
1.9000000e+002	1.8230000e+004
1.8900000e+002	1.8332500e+004
1.8800000e+002	1.8682500e+004
1.8700000e+002	1.8577500e+004
1.8600000e+002	1.7807500e+004
1.8500000e+002	1.8225000e+004
1.8400000e+002	1.8312500e+004
1.8300000e+002	1.8185000e+004
1.8200000e+002	1.8577500e+004
1.8100000e+002	1.8590000e+004
1.8000000e+002	1.8370000e+004
1.7900000e+002	1.8642500e+004
1.7800000e+002	1.8630000e+004
1.7700000e+002	1.8540000e+004
1.7600000e+002	1.8592500e+004
1.7500000e+002	1.8497500e+004
1.7400000e+002	1.8697500e+004
1.7300000e+002	1.8852500e+004
1.7200000e+002	1.8762500e+004
1.7100000e+002	1.8662500e+004
1.7000000e+002	1.8650000e+004
1.6900000e+002	1.9172500e+004
1.6800000e+002	1.9005000e+004
1.6700000e+002	1.9302500e+004
1.6600000e+002	1.9160000e+004
1.6500000e+002	1.9437500e+004
1.6400000e+002	1.8640000e+004
1.6300000e+002	1.9527500e+004
1.6200000e+002	1.9590000e+004
1.6100000e+002	1.9602500e+004
1.6000000e+002	2.0127500e+004
1.5900000e+002	2.0142500e+004
1.5800000e+002	2.0212500e+004
1.5700000e+002	2.0490000e+004
1.5600000e+002	2.0530000e+004
1.5500000e+002	2.0500000e+004
1.5400000e+002	2.0452500e+004
1.5300000e+002	2.0462500e+004
1.5200000e+002	2.0782500e+004
1.5100000e+002	2.0387500e+004
1.5000000e+002	2.0542500e+004
1.4900000e+002	2.0040000e+004
1.4800000e+002	2.0135000e+004
1.4700000e+002	2.0187500e+004
1.4600000e+002	2.0002500e+004
1.4500000e+002	1.9897500e+004
1.4400000e+002	1.9805000e+004
1.4300000e+002	2.0015000e+004
1.4200000e+002	1.9970000e+004
1.4100000e+002	1.9942500e+004
1.4000000e+002	1.9990000e+004
1.3900000e+002	1.9407500e+004
1.3800000e+002	1.9347500e+004
1.3700000e+002	1.9235000e+004
1.3600000e+002	1.9085000e+004
1.3500000e+002	1.9085000e+004
1.3400000e+002	1.9065000e+004
1.3300000e+002	1.9085000e+004
1.3200000e+002	1.9307500e+004
1.3100000e+002	1.9440000e+004
1.3000000e+002	1.8970000e+004
1.2900000e+002	1.8630000e+004
1.2800000e+002	1.8787500e+004
1.2700000e+002	1.7915000e+004
1.2600000e+002	1.7320000e+004
1.2500000e+002	1.7175000e+004
1.2400000e+002	1.6382500e+004
1.2300000e+002	1.5930000e+004
1.2200000e+002	1.6212500e+004
1.2100000e+002	1.7650000e+004
1.2000000e+002	2.0642500e+004
1.1900000e+002	2.4205000e+004
1.1800000e+002	2.8867500e+004
1.1700000e+002	3.2807500e+004
1.1600000e+002	3.8590000e+004
1.1500000e+002	4.3550000e+004
1.1400000e+002	4.6995000e+004
1.1300000e+002	4.4322500e+004
1.1200000e+002	4.0572500e+004
1.1100000e+002	3.6275000e+004
1.1000000e+002	3.0645000e+004
1.0900000e+002	2.2367500e+004
1.0800000e+002	1.5555000e+004
1.0700000e+002	1.0942500e+004
1.0600000e+002	7.2750000e+003
1.0500000e+002	5.5075000e+003
1.0400000e+002	5.1900000e+003
1.0300000e+002	5.0275000e+003
1.0200000e+002	5.3075000e+003
1.0100000e+002	5.5475000e+003
1.0000000e+002	5.6525000e+003
9.9000000e+001	5.4200000e+003
9.8000000e+001	5.2625000e+003
9.7000000e+001	4.9625000e+003
9.6000000e+001	5.1300000e+003
9.5000000e+001	5.0750000e+003
9.4000000e+001	5.1675000e+003
9.3000000e+001	5.1875000e+003
9.2000000e+001	5.1800000e+003
9.1000000e+001	5.3125000e+003
9.0000000e+001	5.1525000e+003
8.9000000e+001	5.1500000e+003
8.8000000e+001	5.1900000e+003
8.7000000e+001	5.2075000e+003
8.6000000e+001	5.1975000e+003
8.5000000e+001	5.1725000e+003
8.4000000e+001	5.2075000e+003
8.3000000e+001	5.1825000e+003
8.2000000e+001	5.1275000e+003
8.1000000e+001	5.1150000e+003
8.0000000e+001	5.2375000e+003
7.9000000e+001	5.2750000e+003
7.8000000e+001	5.2475000e+003
7.7000000e+001	5.2825000e+003
7.6000000e+001	5.3550000e+003
7.5000000e+001	5.3825000e+003
7.4000000e+001	5.3625000e+003
7.3000000e+001	5.5275000e+003
7.2000000e+001	5.6425000e+003
7.1000000e+001	5.5600000e+003
7.0000000e+001	5.6275000e+003
6.9000000e+001	5.4800000e+003
6.8000000e+001	5.5300000e+003
6.7000000e+001	5.5100000e+003
6.6000000e+001	5.6625000e+003
6.5000000e+001	5.6425000e+003
6.4000000e+001	5.7575000e+003
6.3000000e+001	5.7475000e+003
6.2000000e+001	5.8325000e+003
6.1000000e+001	5.6625000e+003
6.0000000e+001	5.5050000e+003
5.9000000e+001	5.3700000e+003
5.8000000e+001	5.3225000e+003
5.7000000e+001	5.4600000e+003
5.6000000e+001	5.3250000e+003
5.5000000e+001	5.1325000e+003
5.4000000e+001	5.3475000e+003
5.3000000e+001	5.8150000e+003
5.2000000e+001	6.6225000e+003
5.1000000e+001	7.8925000e+003
5.0000000e+001	8.2400000e+003
4.9000000e+001	7.4450000e+003
4.8000000e+001	6.1925000e+003
4.7000000e+001	5.5700000e+003
4.6000000e+001	5.2125000e+003
4.5000000e+001	4.9925000e+003
4.4000000e+001	5.0425000e+003
4.3000000e+001	5.2575000e+003
4.2000000e+001	5.1900000e+003
4.1000000e+001	5.4625000e+003
4.0000000e+001	5.2850000e+003
3.9000000e+001	4.9675000e+003
3.8000000e+001	4.8150000e+003
3.7000000e+001	5.1000000e+003
3.6000000e+001	5.4250000e+003
3.5000000e+001	5.4925000e+003
3.4000000e+001	5.2450000e+003
3.3000000e+001	4.7275000e+003
3.2000000e+001	4.4775000e+003
3.1000000e+001	5.3750000e+003
3.0000000e+001	7.9650000e+003
2.9000000e+001	1.1210000e+004
2.8000000e+001	1.0842500e+004
2.7000000e+001	6.7275000e+003
2.6000000e+001	3.8425000e+003
2.5000000e+001	2.9600000e+003
2.4000000e+001	2.9050000e+003
2.3000000e+001	3.2875000e+003
2.2000000e+001	4.3275000e+003
2.1000000e+001	6.0375000e+003
2.0000000e+001	7.2875000e+003
1.9000000e+001	7.7425000e+003
1.8000000e+001	7.8075000e+003
1.7000000e+001	8.1400000e+003
1.6000000e+001	8.3425000e+003
1.5000000e+001	7.4575000e+003
1.4000000e+001	4.7575000e+003
1.3000000e+001	2.3375000e+003
1.2000000e+001	1.2475000e+003
1.1000000e+001	9.0000000e+002
1.0000000e+001	6.5500000e+002
9.0000000e+000	6.2000000e+002
8.0000000e+000	5.7750000e+002
7.0000000e+000	5.6750000e+002
6.0000000e+000	9.2000000e+002
5.0000000e+000	1.9950000e+003
4.0000000e+000	3.3125000e+003
3.0000000e+000	4.0475000e+003
2.0000000e+000	3.9575000e+003
1.0000000e+000	3.7225000e+003
0.0000000e+000	3.1700000e+003
